refID	pos	ref	fA	fC	fG	fU	rA	rC	rG	rU	f_total	r_total	edited	unedited	total	editp	binomial	bBH
atp1	205	C	0	3200	0	13410	0	0	13	0	16610	13	13410	3200	16610	0.8073449729078870	0.0	0.0
atp1	224	C	0	776	0	18835	0	0	20	0	19611	20	18835	776	19611	0.9604303707103160	0.0	0.0
atp1	253	T	0	25458	0	831	21	0	0	0	26289	21	25458	831	26289	0.9683898208376130	0.0	0.0
atp1	257	C	0	770	0	25740	0	0	21	0	26510	21	25740	770	26510	0.970954356846473	0.0	0.0
atp1	267	C	0	3050	0	23946	0	0	16	0	26996	16	23946	3050	26996	0.8870202993036010	0.0	0.0
atp1	269	C	0	739	0	26133	0	0	16	0	26872	16	26133	739	26872	0.9724992557308720	0.0	0.0
atp1	292	C	0	960	0	29227	0	0	19	0	30187	19	29227	960	30187	0.9681982310266010	0.0	0.0
atp1	322	T	0	30284	0	1053	17	0	0	0	31337	17	30284	1053	31337	0.9663975492229630	0.0	0.0
atp1	365	C	0	556	0	29707	0	0	4	0	30263	4	29707	556	30263	0.981627730231636	0.0	0.0
atp1	399	C	0	29151	0	4621	0	0	3	0	33772	3	4621	29151	33772	0.13682932606893300	0.0	0.0
atp1	425	C	0	569	0	30017	0	0	2	0	30586	2	30017	569	30586	0.9813967174524290	0.0	0.0
atp1	430	T	0	30499	0	505	2	0	0	0	31004	2	30499	505	31004	0.9837117791252740	0.0	0.0
atp1	431	C	0	1016	0	29673	0	0	2	0	30689	2	29673	1016	30689	0.9668936752582360	0.0	0.0
atp1	461	C	0	528	0	27808	0	0	5	0	28336	5	27808	528	28336	0.9813664596273290	0.0	0.0
atp1	462	C	0	26758	0	1797	0	0	5	0	28555	5	1797	26758	28555	0.06293118543162320	2.5259270394882e-22	9.07317523394994e-21
atp1	527	T	0	26143	0	455	8	0	0	0	26598	8	26143	455	26598	0.9828934506353860	0.0	0.0
atp1	545	C	0	610	0	27413	0	0	8	0	28023	8	27413	610	28023	0.9782321664347140	0.0	0.0
atp1	550	T	0	26484	0	668	9	0	0	0	27152	9	26484	668	27152	0.9753977607542720	0.0	0.0
atp1	575	T	0	25747	0	754	15	0	0	0	26501	15	25747	754	26501	0.9715482434625110	0.0	0.0
atp1	608	C	0	578	0	878	0	0	14	0	1456	14	878	578	1456	0.603021978021978	0.0	0.0
atp1	855	C	0	590	0	1684	0	0	11	0	2274	11	1684	590	2274	0.7405452946350040	0.0	0.0
atp1	988	C	0	144	0	1327	0	0	1	0	1471	1	1327	144	1471	0.902107409925221	0.0	0.0
atp1	989	C	0	156	0	1326	0	0	1	0	1482	1	1326	156	1482	0.8947368421052630	0.0	0.0
atp1	1152	C	0	174	0	1317	0	0	5	0	1491	5	1317	174	1491	0.8832997987927570	0.0	0.0
atp1	1548	T	0	29101	0	2131	31	0	0	0	31232	31	29101	2131	31232	0.9317686987704920	0.0	0.0
atp1	1570	T	0	34285	0	714	30	0	0	0	34999	30	34285	714	34999	0.9795994171262040	0.0	0.0
atp1	1571	C	0	1148	0	32856	0	0	31	0	34004	31	32856	1148	34004	0.9662392659687100	0.0	0.0
atp1	1572	T	0	34301	0	558	31	0	0	0	34859	31	34301	558	34859	0.9839926561289770	0.0	0.0
atp1	1611	T	0	32670	0	874	19	0	0	0	33544	19	32670	874	33544	0.9739446696875750	0.0	0.0
atp1	1728	T	0	30950	0	971	8	0	0	0	31921	8	30950	971	31921	0.9695811534726360	0.0	0.0
atp1	1735	C	0	5656	0	27084	0	0	7	0	32740	7	27084	5656	32740	0.8272449602932190	0.0	0.0
atp1	1746	T	0	30974	0	1092	6	0	0	0	32066	6	30974	1092	32066	0.9659452379467350	0.0	0.0
atp1	1756	T	0	27113	0	1318	18	0	0	0	28431	18	27113	1318	28431	0.9536421511730150	0.0	0.0
atp1	1776	C	0	453	0	29771	0	0	19	0	30224	19	29771	453	30224	0.9850119110640550	0.0	0.0
atp1	1789	T	0	29141	0	792	14	0	0	0	29933	14	29141	792	29933	0.973540908027929	0.0	0.0
atp1	1797	T	0	29281	0	1118	14	0	0	0	30399	14	29281	1118	30399	0.9632224744235010	0.0	0.0
atp1	1818	T	0	25835	0	739	14	0	0	0	26574	14	25835	739	26574	0.972190863249793	0.0	0.0
atp1	1822	C	0	551	0	26401	0	0	16	0	26952	16	26401	551	26952	0.9795562481448500	0.0	0.0
atp1	1834	C	0	683	0	27378	0	0	15	0	28061	15	27378	683	28061	0.975660168917715	0.0	0.0
atp1	1836	C	0	646	0	27317	0	0	15	0	27963	15	27317	646	27963	0.9768980438436510	0.0	0.0
atp1	1860	C	0	692	0	26399	0	0	17	0	27091	17	26399	692	27091	0.9744564615554980	0.0	0.0
atp1	1861	T	0	26856	0	622	17	0	0	0	27478	17	26856	622	27478	0.9773637091491380	0.0	0.0
atp1	1873	T	0	27225	0	675	16	0	0	0	27900	16	27225	675	27900	0.9758064516129030	0.0	0.0
atp1	1876	T	0	27242	0	852	16	0	0	0	28094	16	27242	852	28094	0.9696732398376880	0.0	0.0
atp1	1890	T	0	27476	0	775	20	0	0	0	28251	20	27476	775	28251	0.9725673427489290	0.0	0.0
atp1	1897	T	0	25677	0	705	19	0	0	0	26382	19	25677	705	26382	0.9732772344780530	0.0	0.0
atp1	1902	T	0	24668	0	1005	18	0	0	0	25673	18	24668	1005	25673	0.9608538152923310	0.0	0.0
atp1	1909	C	0	923	0	24504	0	0	14	0	25427	14	24504	923	25427	0.9637000039328270	0.0	0.0
atp1	1915	T	0	19484	0	816	13	0	0	0	20300	13	19484	816	20300	0.9598029556650250	0.0	0.0
atp1	1917	C	0	647	0	19445	0	0	13	0	20092	13	19445	647	20092	0.9677981286084010	0.0	0.0
atp1	1920	C	0	622	0	20174	0	0	12	0	20796	12	20174	622	20796	0.9700904020003850	0.0	0.0
atp1	1926	C	0	667	0	19489	0	0	14	0	20156	14	19489	667	20156	0.9669081166898200	0.0	0.0
atp1	1933	C	0	857	0	19323	0	0	17	0	20180	17	19323	857	20180	0.9575322101090190	0.0	0.0
atp1	1942	C	0	650	0	20377	0	0	17	0	21027	17	20377	650	21027	0.9690873638655060	0.0	0.0
atp1	1945	C	0	774	0	21016	0	0	16	0	21790	16	21016	774	21790	0.9644791188618630	0.0	0.0
atp1	1987	C	0	473	0	16700	0	0	19	0	17173	19	16700	473	17173	0.9724567635241370	0.0	0.0
atp1	1988	C	0	16362	0	1260	0	0	19	0	17622	19	1260	16362	17622	0.07150153217568950	3.21057872375415e-35	1.17377351405821e-33
atp1	1995	T	0	17730	0	461	19	0	0	0	18191	19	17730	461	18191	0.9746577978121050	0.0	0.0
atp1	2010	T	0	15872	0	688	20	0	0	0	16560	20	15872	688	16560	0.9584541062801930	0.0	0.0
atp1	2013	T	0	16090	0	929	20	0	0	0	17019	20	16090	929	17019	0.9454139491156940	0.0	0.0
atp1	2026	C	0	752	0	17128	0	0	23	0	17880	23	17128	752	17880	0.9579418344519020	0.0	0.0
atp1	2029	C	0	337	0	17564	0	0	25	0	17901	25	17564	337	17901	0.9811742360761970	0.0	0.0
atp1	2034	T	0	16690	0	1351	28	0	0	0	18041	28	16690	1351	18041	0.9251150157973500	0.0	0.0
atp1	2038	T	0	17710	0	475	28	0	0	0	18185	28	17710	475	18185	0.9738795710750620	0.0	0.0
atp1	2041	T	0	18102	0	419	27	0	0	0	18521	27	18102	419	18521	0.977377031477782	0.0	0.0
atp1	2046	T	0	18177	0	570	27	0	0	0	18747	27	18177	570	18747	0.9695951352216350	0.0	0.0
atp1	2053	T	0	17973	0	545	27	0	0	0	18518	27	17973	545	18518	0.9705691759369260	0.0	0.0
atp1	2056	C	0	698	0	17446	0	0	27	0	18144	27	17446	698	18144	0.9615299823633160	0.0	0.0
atp1	2059	T	0	17716	0	554	25	0	0	0	18270	25	17716	554	18270	0.9696770662287900	0.0	0.0
atp1	2077	C	0	464	0	17915	0	0	26	0	18379	26	17915	464	18379	0.9747537950922250	0.0	0.0
atp1	2079	T	0	17760	0	691	23	0	0	0	18451	23	17760	691	18451	0.9625494553140750	0.0	0.0
atp1	2082	C	0	744	0	17313	0	0	24	0	18057	24	17313	744	18057	0.9587971423824560	0.0	0.0
atp1	2083	T	0	18122	0	457	22	0	0	0	18579	22	18122	457	18579	0.9754023359707200	0.0	0.0
atp1	2085	T	0	18008	0	707	24	0	0	0	18715	24	18008	707	18715	0.9622228159230560	0.0	0.0
atp1	2089	C	0	439	0	18192	0	0	23	0	18631	23	18192	439	18631	0.9764371209274870	0.0	0.0
atp1	2092	C	0	918	0	17725	0	0	25	0	18643	25	17725	918	18643	0.9507589980153410	0.0	0.0
atp1	2105	C	0	1623	0	16025	0	0	24	0	17648	24	16025	1623	17648	0.9080349048050770	0.0	0.0
atp1	2113	T	0	18854	0	619	21	0	0	0	19473	21	18854	619	19473	0.9682123966517740	0.0	0.0
atp1	2118	T	0	17911	0	1836	22	0	0	0	19747	22	17911	1836	19747	0.9070238517243130	0.0	0.0
atp1	2128	T	0	17076	0	735	21	0	0	0	17811	21	17076	735	17811	0.9587333670203810	0.0	0.0
atp1	2137	C	0	369	0	18075	0	0	21	0	18444	21	18075	369	18444	0.9799934938191280	0.0	0.0
atp1	2140	T	0	18080	0	694	21	0	0	0	18774	21	18080	694	18774	0.9630339831682110	0.0	0.0
atp1	2146	C	0	444	0	18358	0	0	15	0	18802	15	18358	444	18802	0.9763854909052230	0.0	0.0
atp1	2149	T	0	18094	0	661	13	0	0	0	18755	13	18094	661	18755	0.9647560650493200	0.0	0.0
atp1	2161	T	0	19001	0	486	13	0	0	0	19487	13	19001	486	19487	0.9750602966079950	0.0	0.0
atp1	2163	T	0	18771	0	958	13	0	0	0	19729	13	18771	958	19729	0.9514420396370830	0.0	0.0
atp1	2182	T	0	18342	0	488	13	0	0	0	18830	13	18342	488	18830	0.9740839086563990	0.0	0.0
atp1	2188	C	0	561	0	18337	0	0	14	0	18898	14	18337	561	18898	0.970314318975553	0.0	0.0
atp1	2191	T	0	18366	0	563	13	0	0	0	18929	13	18366	563	18929	0.9702572771937240	0.0	0.0
atp1	2194	T	0	18352	0	504	13	0	0	0	18856	13	18352	504	18856	0.9732711073398390	0.0	0.0
atp1	2205	C	0	611	0	18074	0	0	11	0	18685	11	18074	611	18685	0.9672999732405670	0.0	0.0
atp1	2206	T	0	17856	0	923	11	0	0	0	18779	11	17856	923	18779	0.9508493530006920	0.0	0.0
atp1	2220	T	0	20748	0	1313	11	0	0	0	22061	11	20748	1313	22061	0.9404832056570420	0.0	0.0
atp1	2225	C	0	21752	0	1330	0	0	13	0	23082	13	1330	21752	23082	0.05762065678883980	1.0974413829396e-07	3.82871296412142e-06
atp1	2226	C	0	677	0	22404	0	0	13	0	23081	13	22404	677	23081	0.9706685152289760	0.0	0.0
atp1	2230	C	0	488	0	21729	0	0	12	0	22217	12	21729	488	22217	0.9780348381869740	0.0	0.0
atp1	2242	C	0	452	0	23306	0	0	11	0	23758	11	23306	452	23758	0.9809748295311050	0.0	0.0
atp1	2244	C	0	416	0	23510	0	0	11	0	23926	11	23510	416	23926	0.9826130569255200	0.0	0.0
atp1	2259	T	0	23277	0	505	6	0	0	0	23782	6	23277	505	23782	0.9787654528635100	0.0	0.0
atp1	2263	T	0	23654	0	469	8	0	0	0	24123	8	23654	469	24123	0.9805579737180280	0.0	0.0
atp1	2266	T	0	23726	0	532	8	0	0	0	24258	8	23726	532	24258	0.9780690906092840	0.0	0.0
atp1	2283	C	0	504	0	23708	0	0	14	0	24212	14	23708	504	24212	0.9791838757640840	0.0	0.0
atp1	2284	T	0	23870	0	702	13	0	0	0	24572	13	23870	702	24572	0.9714308969558850	0.0	0.0
atp1	2292	T	0	25623	0	887	16	0	0	0	26510	16	25623	887	26510	0.9665409279517160	0.0	0.0
atp1	2310	T	0	28186	0	1232	25	0	0	0	29418	25	28186	1232	29418	0.9581208783737850	0.0	0.0
atp1	2314	C	0	484	0	29263	0	0	25	0	29747	25	29263	484	29747	0.9837294517094160	0.0	0.0
atp1	2334	C	0	365	0	31194	0	0	26	0	31559	26	31194	365	31559	0.9884343610380560	0.0	0.0
atp1	2356	C	0	548	0	29927	0	0	27	0	30475	27	29927	548	30475	0.9820180475799840	0.0	0.0
atp1	2361	T	0	27939	0	386	28	0	0	0	28325	28	27939	386	28325	0.9863724624889670	0.0	0.0
atp1	2364	C	0	436	0	27736	0	0	27	0	28172	27	27736	436	28172	0.9845236404941080	0.0	0.0
atp1	2383	C	0	294	0	27254	0	0	28	0	27548	28	27254	294	27548	0.9893277188906640	0.0	0.0
atp1	2388	T	0	27697	0	367	26	0	0	0	28064	26	27697	367	28064	0.986922748004561	0.0	0.0
atp1	2416	T	0	26646	0	535	31	0	0	0	27181	31	26646	535	27181	0.9803171332916380	0.0	0.0
atp1	2418	T	0	26890	0	383	32	0	0	0	27273	32	26890	383	27273	0.9859568070985960	0.0	0.0
atp1	2425	C	0	440	0	27567	0	0	33	0	28007	33	27567	440	28007	0.9842896418752460	0.0	0.0
atp1	2428	C	0	460	0	27295	0	0	32	0	27755	32	27295	460	27755	0.9834264096559180	0.0	0.0
atp1	2430	T	0	27778	0	387	27	0	0	0	28165	27	27778	387	28165	0.9862595419847330	0.0	0.0
atp1	2433	T	0	27629	0	464	28	0	0	0	28093	28	27629	464	28093	0.9834834300359520	0.0	0.0
atp1	2463	T	0	30420	0	521	19	0	0	0	30941	19	30420	521	30941	0.9831615009211080	0.0	0.0
atp1	2467	T	0	30988	0	456	20	0	0	0	31444	20	30988	456	31444	0.9854980282406820	0.0	0.0
atp1	2469	T	0	31357	0	453	18	0	0	0	31810	18	31357	453	31810	0.9857591952216290	0.0	0.0
atp1	2475	C	0	315	0	30725	0	0	20	0	31040	20	30725	315	31040	0.9898518041237110	0.0	0.0
atp1	2479	T	0	29976	0	465	19	0	0	0	30441	19	29976	465	30441	0.984724549127821	0.0	0.0
atp1	2493	T	0	28011	0	405	18	0	0	0	28416	18	28011	405	28416	0.9857474662162160	0.0	0.0
atp1	2511	C	0	401	0	30289	0	0	16	0	30690	16	30289	401	30690	0.9869338546757900	0.0	0.0
atp1	2533	C	0	355	0	31943	0	0	16	0	32298	16	31943	355	32298	0.989008607344108	0.0	0.0
atp1	2538	T	0	31275	0	370	17	0	0	0	31645	17	31275	370	31645	0.9883077895402120	0.0	0.0
atp1	2553	T	0	32350	0	575	13	0	0	0	32925	13	32350	575	32925	0.982536066818527	0.0	0.0
atp1	2562	T	0	32797	0	734	14	0	0	0	33531	14	32797	734	33531	0.9781098088336170	0.0	0.0
atp1	2581	C	0	467	0	34859	0	0	11	0	35326	11	34859	467	35326	0.9867802751514470	0.0	0.0
atp1	2582	C	0	11584	0	23790	0	0	10	0	35374	10	23790	11584	35374	0.6725278453101150	0.0	0.0
atp1	2622	T	0	27449	0	486	9	0	0	0	27935	9	27449	486	27935	0.9826024700196890	0.0	0.0
atp1	2646	T	0	20935	0	533	13	0	0	0	21468	13	20935	533	21468	0.9751723495435070	0.0	0.0
atp1	2656	C	0	440	0	20289	0	0	13	0	20729	13	20289	440	20729	0.9787736986830050	0.0	0.0
atp1	2667	C	0	211	0	17206	0	0	14	0	17417	14	17206	211	17417	0.987885399322501	0.0	0.0
atp1	2670	T	0	16148	0	428	13	0	0	0	16576	13	16148	428	16576	0.9741795366795370	0.0	0.0
atp4	182	C	0	624	0	2885	0	0	9	0	3509	9	2885	624	3509	0.8221715588486750	0.0	0.0
atp4	209	C	0	214	0	3735	0	0	8	0	3949	8	3735	214	3949	0.9458090655862240	0.0	0.0
atp4	215	C	0	184	0	3802	0	0	8	0	3986	8	3802	184	3986	0.9538384345208230	0.0	0.0
atp4	230	T	0	4017	0	278	9	0	0	0	4295	9	4017	278	4295	0.9352735739231670	0.0	0.0
atp4	235	T	0	4038	0	492	10	0	0	0	4530	10	4038	492	4530	0.8913907284768210	0.0	0.0
atp4	274	C	0	245	0	5141	0	0	9	0	5386	9	5141	245	5386	0.954511696992202	0.0	0.0
atp4	293	C	0	292	0	5324	0	0	10	0	5616	10	5324	292	5616	0.948005698005698	0.0	0.0
atp4	294	C	0	386	0	5288	0	0	11	0	5674	11	5288	386	5674	0.9319703912583720	0.0	0.0
atp4	295	C	0	460	0	5208	0	0	10	0	5668	10	5208	460	5668	0.9188426252646440	0.0	0.0
atp4	306	C	0	5302	0	417	0	0	10	0	5719	10	417	5302	5719	0.07291484525266660	4.78335309245612e-14	1.69089209802259e-12
atp4	318	C	0	5996	0	422	0	0	11	0	6418	11	422	5996	6418	0.06575257089435960	1.72461389419987e-08	6.02201491513504e-07
atp4	358	T	0	7115	0	505	11	0	0	0	7620	11	7115	505	7620	0.9337270341207350	0.0	0.0
atp4	370	T	0	7660	0	540	9	0	0	0	8200	9	7660	540	8200	0.9341463414634150	0.0	0.0
atp4	380	C	0	585	0	7908	0	0	9	0	8493	9	7908	585	8493	0.9311197456729070	0.0	0.0
atp4	381	C	0	5744	0	2801	0	0	8	0	8545	8	2801	5744	8545	0.3277940315974250	0.0	0.0
atp4	388	T	0	8015	0	741	9	0	0	0	8756	9	8015	741	8756	0.9153723161260850	0.0	0.0
atp4	418	T	0	9342	0	583	10	0	0	0	9925	10	9342	583	9925	0.9412594458438290	0.0	0.0
atp4	449	T	0	8456	0	1315	10	0	0	0	9771	10	8456	1315	9771	0.8654180738921300	0.0	0.0
atp4	457	T	0	8735	0	1500	9	0	0	0	10235	9	8735	1500	10235	0.8534440644846120	0.0	0.0
atp4	488	T	0	8303	0	1216	8	0	0	0	9519	8	8303	1216	9519	0.872255489021956	0.0	0.0
atp4	499	C	0	371	0	8674	0	0	12	0	9045	12	8674	371	9045	0.9589828634604760	0.0	0.0
atp4	509	C	0	374	0	8842	0	0	10	0	9216	10	8842	374	9216	0.9594184027777780	0.0	0.0
atp4	517	T	0	8860	0	356	11	0	0	0	9216	11	8860	356	9216	0.9613715277777780	0.0	0.0
atp4	526	T	0	8826	0	734	11	0	0	0	9560	11	8826	734	9560	0.9232217573221760	0.0	0.0
atp4	541	T	0	8573	0	1022	13	0	0	0	9595	13	8573	1022	9595	0.8934861907243360	0.0	0.0
atp4	556	T	0	8811	0	601	11	0	0	0	9412	11	8811	601	9412	0.9361453463663410	0.0	0.0
atp4	569	C	0	518	0	8105	0	0	11	0	8623	11	8105	518	8623	0.9399280992693960	0.0	0.0
atp4	576	C	0	6568	0	2351	0	0	11	0	8919	11	2351	6568	8919	0.26359457338266600	0.0	0.0
atp4	580	T	0	8123	0	543	12	0	0	0	8666	12	8123	543	8666	0.9373413339487650	0.0	0.0
atp4	598	T	0	8545	0	602	10	0	0	0	9147	10	8545	602	9147	0.9341860719361540	0.0	0.0
atp4	604	T	0	8709	0	577	10	0	0	0	9286	10	8709	577	9286	0.9378634503553740	0.0	0.0
atp4	609	C	0	1020	0	7410	0	0	13	0	8430	13	7410	1020	8430	0.8790035587188610	0.0	0.0
atp4	622	C	0	1223	0	7873	0	0	15	0	9096	15	7873	1223	9096	0.8655452946350040	0.0	0.0
atp4	626	C	0	569	0	9036	0	0	15	0	9605	15	9036	569	9605	0.9407600208224880	0.0	0.0
atp4	627	C	0	9219	0	586	0	0	15	0	9805	15	586	9219	9805	0.05976542580316170	8.73520657000295e-06	0.0003023800849915200
atp4	634	C	0	1124	0	8436	0	0	14	0	9560	14	8436	1124	9560	0.8824267782426780	0.0	0.0
atp4	663	C	0	8341	0	1037	0	0	14	0	9378	14	1037	8341	9378	0.11057794838984900	3.87471230610137e-121	1.50959243746757e-119
atp4	700	T	0	8303	0	577	17	0	0	0	8880	17	8303	577	8880	0.9350225225225230	0.0	0.0
atp4	703	C	0	666	0	7721	0	0	19	0	8387	19	7721	666	8387	0.920591391439132	0.0	0.0
atp4	742	C	0	313	0	6321	0	0	21	0	6634	21	6321	313	6634	0.9528188121796810	0.0	0.0
atp4	940	T	0	33	0	109	0	0	0	0	142	0	33	109	142	0.2323943661971830	1.12175110530311e-13	3.96009286192109e-12
atp6	251	C	0	850	0	6822	0	0	35	0	7672	35	6822	850	7672	0.8892075078206470	0.0	0.0
atp6	263	T	0	7970	0	444	25	0	0	0	8414	25	7970	444	8414	0.9472308057998570	0.0	0.0
atp6	266	C	0	125	0	8520	0	0	21	0	8645	21	8520	125	8645	0.9855407750144590	0.0	0.0
atp6	271	T	0	8761	0	288	12	0	0	0	9049	12	8761	288	9049	0.9681732788153390	0.0	0.0
atp6	274	C	0	528	0	8633	0	0	13	0	9161	13	8633	528	9161	0.9423643707018880	0.0	0.0
atp6	275	C	0	459	0	8737	0	0	13	0	9196	13	8737	459	9196	0.9500869943453680	0.0	0.0
atp6	287	T	0	9340	0	485	8	0	0	0	9825	8	9340	485	9825	0.9506361323155220	0.0	0.0
atp6	290	C	0	248	0	9782	0	0	7	0	10030	7	9782	248	10030	0.9752741774675970	0.0	0.0
atp6	295	T	0	9723	0	385	7	0	0	0	10108	7	9723	385	10108	0.9619113573407200	0.0	0.0
atp6	313	C	0	7129	0	3864	0	0	5	0	10993	5	3864	7129	10993	0.35149640680433000	0.0	0.0
atp6	314	C	0	270	0	10786	0	0	6	0	11056	6	10786	270	11056	0.9755788712011580	0.0	0.0
atp6	323	T	0	11346	0	470	5	0	0	0	11816	5	11346	470	11816	0.9602234258632360	0.0	0.0
atp6	329	T	0	10687	0	1324	5	0	0	0	12011	5	10687	1324	12011	0.8897677129298140	0.0	0.0
atp6	341	C	0	65	0	11800	0	0	8	0	11865	8	11800	65	11865	0.9945217024863040	0.0	0.0
atp6	344	C	0	973	0	11002	0	0	12	0	11975	12	11002	973	11975	0.9187473903966600	0.0	0.0
atp6	350	C	0	988	0	11308	0	0	11	0	12296	11	11308	988	12296	0.9196486662329210	0.0	0.0
atp6	353	C	0	1061	0	11236	0	0	12	0	12297	12	11236	1061	12297	0.9137187932015940	0.0	0.0
atp6	354	C	0	10113	0	2320	0	0	11	0	12433	11	2320	10113	12433	0.18660017694844400	0.0	0.0
atp6	360	C	0	10525	0	1545	0	0	11	0	12070	11	1545	10525	12070	0.128003314001657	1.26745989876566e-241	5.14056064865451e-240
atp6	371	C	0	133	0	13561	0	0	10	0	13694	10	13561	133	13694	0.99028771724843	0.0	0.0
atp6	416	T	0	12633	0	567	8	0	0	0	13200	8	12633	567	13200	0.9570454545454550	0.0	0.0
atp6	427	T	0	11543	0	879	10	0	0	0	12422	10	11543	879	12422	0.9292384479149900	0.0	0.0
atp6	446	C	0	1019	0	10813	0	0	14	0	11832	14	10813	1019	11832	0.9138776200135230	0.0	0.0
atp6	461	C	0	478	0	10103	0	0	14	0	10581	14	10103	478	10581	0.9548246857574900	0.0	0.0
atp6	462	C	0	1227	0	9399	0	0	14	0	10626	14	9399	1227	10626	0.8845285149632980	0.0	0.0
atp6	478	T	0	9083	0	1334	13	0	0	0	10417	13	9083	1334	10417	0.8719400979168670	0.0	0.0
atp6	499	T	0	6284	0	855	14	0	0	0	7139	14	6284	855	7139	0.8802353270766210	0.0	0.0
atp6	502	T	0	6284	0	853	15	0	0	0	7137	15	6284	853	7137	0.8804819952360940	0.0	0.0
atp6	506	C	0	219	0	6852	0	0	17	0	7071	17	6852	219	7071	0.96902842596521	0.0	0.0
atp6	509	C	0	136	0	6952	0	0	16	0	7088	16	6952	136	7088	0.9808126410835210	0.0	0.0
atp6	512	T	0	5645	0	683	14	0	0	0	6328	14	5645	683	6328	0.8920670037926680	0.0	0.0
atp6	515	C	0	198	0	4484	0	0	14	0	4682	14	4484	198	4682	0.9577103801794110	0.0	0.0
atp6	520	C	0	487	0	3202	0	0	12	0	3689	12	3202	487	3689	0.867985904039035	0.0	0.0
atp6	522	C	0	3410	0	265	0	0	12	0	3675	12	265	3410	3675	0.07210884353741500	4.15706512830517e-09	1.45410144501092e-07
atp6	539	C	0	230	0	2499	0	0	12	0	2729	12	2499	230	2729	0.915720043972151	0.0	0.0
atp6	547	C	0	60	0	2694	0	0	12	0	2754	12	2694	60	2754	0.9782135076252720	0.0	0.0
atp6	556	T	0	2508	0	255	12	0	0	0	2763	12	2508	255	2763	0.9077090119435400	0.0	0.0
atp6	569	T	0	2779	0	155	13	0	0	0	2934	13	2779	155	2934	0.9471710974778460	0.0	0.0
atp6	581	T	0	2830	0	192	13	0	0	0	3022	13	2830	192	3022	0.9364659166115160	0.0	0.0
atp6	587	T	0	2414	0	128	14	0	0	0	2542	14	2414	128	2542	0.9496459480723840	0.0	0.0
atp6	596	C	0	213	0	2470	0	0	10	0	2683	10	2470	213	2683	0.920611256056653	0.0	0.0
atp6	605	T	0	2592	0	213	11	0	0	0	2805	11	2592	213	2805	0.9240641711229950	0.0	0.0
atp6	613	T	0	2123	0	209	15	0	0	0	2332	15	2123	209	2332	0.910377358490566	0.0	0.0
atp6	614	C	0	351	0	2019	0	0	15	0	2370	15	2019	351	2370	0.8518987341772150	0.0	0.0
atp6	616	C	0	204	0	2253	0	0	13	0	2457	13	2253	204	2457	0.9169719169719170	0.0	0.0
atp6	617	T	0	2187	0	281	12	0	0	0	2468	12	2187	281	2468	0.8861426256077800	0.0	0.0
atp6	629	C	0	284	0	2638	0	0	13	0	2922	13	2638	284	2922	0.9028062970568100	0.0	0.0
atp6	631	C	0	455	0	2461	0	0	13	0	2916	13	2461	455	2916	0.8439643347050760	0.0	0.0
atp6	638	C	0	383	0	2884	0	0	11	0	3267	11	2884	383	3267	0.8827670645852470	0.0	0.0
atp6	641	T	0	3085	0	432	9	0	0	0	3517	9	3085	432	3517	0.8771680409439860	0.0	0.0
atp6	653	C	0	703	0	3553	0	0	10	0	4256	10	3553	703	4256	0.8348214285714290	0.0	0.0
atp6	655	T	0	3626	0	887	11	0	0	0	4513	11	3626	887	4513	0.8034566807001990	0.0	0.0
atp6	668	C	0	401	0	4136	0	0	11	0	4537	11	4136	401	4537	0.9116156050253470	0.0	0.0
atp6	673	C	0	681	0	4292	0	0	11	0	4973	11	4292	681	4973	0.8630605268449630	0.0	0.0
atp6	674	C	0	533	0	4442	0	0	11	0	4975	11	4442	533	4975	0.8928643216080400	0.0	0.0
atp6	678	C	0	2241	0	2763	0	0	13	0	5004	13	2763	2241	5004	0.552158273381295	0.0	0.0
atp6	682	C	0	728	0	4468	0	0	13	0	5196	13	4468	728	5196	0.8598922247882990	0.0	0.0
atp6	692	T	0	5171	0	225	14	0	0	0	5396	14	5171	225	5396	0.9583024462564860	0.0	0.0
atp6	707	C	0	249	0	6657	0	0	12	0	6906	12	6657	249	6906	0.9639443961772370	0.0	0.0
atp6	725	C	0	180	0	6908	0	0	11	0	7088	11	6908	180	7088	0.9746049661399550	0.0	0.0
atp6	730	T	0	6716	0	713	11	0	0	0	7429	11	6716	713	7429	0.9040247678018580	0.0	0.0
atp6	734	C	0	76	0	7507	0	0	11	0	7583	11	7507	76	7583	0.9899775814321510	0.0	0.0
atp6	745	C	0	199	0	7903	0	0	10	0	8102	10	7903	199	8102	0.9754381634164400	0.0	0.0
atp6	746	T	0	7894	0	262	11	0	0	0	8156	11	7894	262	8156	0.9678764100049040	0.0	0.0
atp6	751	C	0	548	0	7923	0	0	9	0	8471	9	7923	548	8471	0.9353087002715150	0.0	0.0
atp6	778	T	0	8654	0	113	6	0	0	0	8767	6	8654	113	8767	0.9871107562450100	0.0	0.0
atp6	805	T	0	8658	0	472	9	0	0	0	9130	9	8658	472	9130	0.948302300109529	0.0	0.0
atp6	812	C	0	165	0	9941	0	0	11	0	10106	11	9941	165	10106	0.9836730655056400	0.0	0.0
atp6	824	C	0	256	0	9864	0	0	11	0	10120	11	9864	256	10120	0.974703557312253	0.0	0.0
atp6	838	C	0	220	0	9847	0	0	7	0	10067	7	9847	220	10067	0.9781464189927490	0.0	0.0
atp6	887	T	0	7544	0	202	9	0	0	0	7746	9	7544	202	7746	0.9739220242705910	0.0	0.0
atp6	893	C	0	202	0	7558	0	0	9	0	7760	9	7558	202	7760	0.9739690721649480	0.0	0.0
atp6	908	C	0	100	0	7278	0	0	9	0	7378	9	7278	100	7378	0.9864461913797780	0.0	0.0
atp6	923	C	0	121	0	5731	0	0	8	0	5852	8	5731	121	5852	0.9793233082706770	0.0	0.0
atp6	932	T	0	3627	0	194	10	0	0	0	3821	10	3627	194	3821	0.9492279507982200	0.0	0.0
atp6	940	T	0	3385	0	313	8	0	0	0	3698	8	3385	313	3698	0.9153596538669550	0.0	0.0
atp6	952	C	0	270	0	3211	0	0	8	0	3481	8	3211	270	3481	0.9224360815857510	0.0	0.0
atp6	953	C	0	216	0	3258	0	0	10	0	3474	10	3258	216	3474	0.9378238341968910	0.0	0.0
atp6	956	T	0	3122	0	297	9	0	0	0	3419	9	3122	297	3419	0.9131324948815440	0.0	0.0
atp6	962	C	0	130	0	3114	0	0	8	0	3244	8	3114	130	3244	0.9599260172626390	0.0	0.0
atp6	967	C	0	122	0	2813	0	0	8	0	2935	8	2813	122	2935	0.9584327086882450	0.0	0.0
atp6	973	C	0	93	0	2836	0	0	7	0	2929	7	2836	93	2929	0.9682485489928300	0.0	0.0
atp6	1020	T	0	41	0	122	2	0	0	0	163	2	41	122	163	0.25153374233128800	6.23289829473115e-18	2.21896719646469e-16
atp8	150	C	0	385	0	4384	0	0	3	0	4769	3	4384	385	4769	0.9192702872719650	0.0	0.0
atp8	151	T	0	4334	0	543	3	0	0	0	4877	3	4334	543	4877	0.8886610621283580	0.0	0.0
atp8	155	C	0	350	0	4742	0	0	6	0	5092	6	4742	350	5092	0.9312647289866460	0.0	0.0
atp8	160	T	0	4130	0	1101	5	0	0	0	5231	5	4130	1101	5231	0.7895239915886060	0.0	0.0
atp8	167	T	0	4937	0	614	6	0	0	0	5551	6	4937	614	5551	0.8893892992253650	0.0	0.0
atp8	169	C	0	445	0	5125	0	0	4	0	5570	4	5125	445	5570	0.9201077199281870	0.0	0.0
atp8	174	C	0	4764	0	817	0	0	5	0	5581	5	817	4764	5581	0.1463895359254610	3.37806258115001e-162	1.33361049223893e-160
atp8	178	T	0	4587	0	1062	6	0	0	0	5649	6	4587	1062	5649	0.8120021242697820	0.0	0.0
atp8	183	C	0	4221	0	1475	0	0	6	0	5696	6	1475	4221	5696	0.25895365168539300	0.0	0.0
atp8	187	C	0	548	0	5240	0	0	7	0	5788	7	5240	548	5788	0.9053213545266070	0.0	0.0
atp8	193	C	0	354	0	5399	0	0	7	0	5753	7	5399	354	5753	0.9384668868416480	0.0	0.0
atp8	202	C	0	427	0	5984	0	0	7	0	6411	7	5984	427	6411	0.9333957260957730	0.0	0.0
atp8	214	C	0	422	0	5935	0	0	8	0	6357	8	5935	422	6357	0.933616485763725	0.0	0.0
atp8	224	C	0	547	0	6021	0	0	11	0	6568	11	6021	547	6568	0.9167174177831910	0.0	0.0
atp8	226	C	0	557	0	6139	0	0	11	0	6696	11	6139	557	6696	0.9168160095579450	0.0	0.0
atp8	253	T	0	6897	0	514	13	0	0	0	7411	13	6897	514	7411	0.9306436378356500	0.0	0.0
atp8	260	C	0	366	0	7382	0	0	12	0	7748	12	7382	366	7748	0.9527620030975740	0.0	0.0
atp8	266	C	0	574	0	7254	0	0	12	0	7828	12	7254	574	7828	0.926673479816045	0.0	0.0
atp8	268	T	0	7225	0	837	13	0	0	0	8062	13	7225	837	8062	0.8961796080377080	0.0	0.0
atp8	288	C	0	4630	0	3217	0	0	13	0	7847	13	3217	4630	7847	0.4099655919459670	0.0	0.0
atp8	291	C	0	959	0	6737	0	0	11	0	7696	11	6737	959	7696	0.8753898128898130	0.0	0.0
atp8	316	T	0	6714	0	887	12	0	0	0	7601	12	6714	887	7601	0.8833048283120640	0.0	0.0
atp8	338	C	0	479	0	7634	0	0	11	0	8113	11	7634	479	8113	0.9409589547639590	0.0	0.0
atp8	397	T	0	8940	0	689	11	0	0	0	9629	11	8940	689	9629	0.9284453214248620	0.0	0.0
atp8	460	C	0	594	0	9218	0	0	7	0	9812	7	9218	594	9812	0.9394618834080720	0.0	0.0
atp8	487	C	0	988	0	9797	0	0	11	0	10785	11	9797	988	10785	0.908391284191006	0.0	0.0
atp8	490	C	0	714	0	10042	0	0	11	0	10756	11	10042	714	10756	0.9336184455187800	0.0	0.0
atp8	500	C	0	695	0	10017	0	0	10	0	10712	10	10017	695	10712	0.9351194921583270	0.0	0.0
atp8	508	T	0	9743	0	1401	10	0	0	0	11144	10	9743	1401	11144	0.8742821249102660	0.0	0.0
cob	47	C	0	1341	0	201	0	0	1	0	1542	1	201	1341	1542	0.1303501945525290	3.07237727023073e-34	1.1222232745099e-32
cob	108	C	0	4249	0	858	0	0	4	0	5107	4	858	4249	5107	0.16800469943215200	2.81475213905205e-209	1.13414122657116e-207
cob	112	T	0	5559	0	174	4	0	0	0	5733	4	5559	174	5733	0.9696493982208270	0.0	0.0
cob	118	C	0	71	0	5799	0	0	4	0	5870	4	5799	71	5870	0.9879045996592850	0.0	0.0
cob	130	T	0	5997	0	341	5	0	0	0	6338	5	5997	341	6338	0.9461975386557270	0.0	0.0
cob	154	T	0	6250	0	706	5	0	0	0	6956	5	6250	706	6956	0.89850488786659	0.0	0.0
cob	161	C	0	75	0	7006	0	0	6	0	7081	6	7006	75	7081	0.9894082756672790	0.0	0.0
cob	169	C	0	179	0	7812	0	0	6	0	7991	6	7812	179	7991	0.9775997997747470	0.0	0.0
cob	173	T	0	8200	0	96	7	0	0	0	8296	7	8200	96	8296	0.9884281581485050	0.0	0.0
cob	176	T	0	8063	0	352	7	0	0	0	8415	7	8063	352	8415	0.9581699346405230	0.0	0.0
cob	179	T	0	8139	0	266	8	0	0	0	8405	8	8139	266	8405	0.9683521713265910	0.0	0.0
cob	193	C	0	351	0	8200	0	0	7	0	8551	7	8200	351	8551	0.9589521693369200	0.0	0.0
cob	196	C	0	266	0	8418	0	0	8	0	8684	8	8418	266	8684	0.9693689543988950	0.0	0.0
cob	212	T	0	9122	0	326	11	0	0	0	9448	11	9122	326	9448	0.9654953429297210	0.0	0.0
cob	226	C	0	254	0	8615	0	0	10	0	8869	10	8615	254	8869	0.9713609200586310	0.0	0.0
cob	229	C	0	8512	0	549	0	0	9	0	9061	9	549	8512	9061	0.060589338925063500	3.96579613247574e-06	0.0001373997412645210
cob	230	C	0	339	0	8685	0	0	9	0	9024	9	8685	339	9024	0.9624335106382980	0.0	0.0
cob	234	C	0	8472	0	647	0	0	9	0	9119	9	647	8472	9119	0.07095076214497200	2.68293341656337e-18	9.56423375761277e-17
cob	238	T	0	8521	0	894	10	0	0	0	9415	10	8521	894	9415	0.9050451407328730	0.0	0.0
cob	248	T	0	9608	0	163	11	0	0	0	9771	11	9608	163	9771	0.9833179817828270	0.0	0.0
cob	249	C	0	272	0	9410	0	0	10	0	9682	10	9410	272	9682	0.9719066308613920	0.0	0.0
cob	252	C	0	9068	0	615	0	0	9	0	9683	9	615	9068	9683	0.06351337395435300	2.42958514647008e-09	8.50960338445763e-08
cob	260	C	0	349	0	9329	0	0	7	0	9678	7	9329	349	9678	0.9639388303368470	0.0	0.0
cob	268	T	0	9529	0	238	8	0	0	0	9767	8	9529	238	9767	0.9756322309818780	0.0	0.0
cob	295	C	0	135	0	9225	0	0	6	0	9360	6	9225	135	9360	0.9855769230769230	0.0	0.0
cob	346	T	0	10084	0	188	7	0	0	0	10272	7	10084	188	10272	0.9816978193146420	0.0	0.0
cob	355	T	0	10327	0	185	5	0	0	0	10512	5	10327	185	10512	0.9824010654490110	0.0	0.0
cob	386	C	0	2013	0	7907	0	0	2	0	9920	2	7907	2013	9920	0.7970766129032260	0.0	0.0
cob	391	C	0	452	0	9666	0	0	4	0	10118	4	9666	452	10118	0.955327139750939	0.0	0.0
cob	397	T	0	10108	0	311	4	0	0	0	10419	4	10108	311	10419	0.9701506862462810	0.0	0.0
cob	406	T	0	10569	0	358	5	0	0	0	10927	5	10569	358	10927	0.9672371190628720	0.0	0.0
cob	413	C	0	472	0	9956	0	0	5	0	10428	5	9956	472	10428	0.9547372458764860	0.0	0.0
cob	418	C	0	282	0	10568	0	0	4	0	10850	4	10568	282	10850	0.9740092165898620	0.0	0.0
cob	431	T	0	10707	0	1240	6	0	0	0	11947	6	10707	1240	11947	0.8962082531179380	0.0	0.0
cob	437	T	0	11599	0	504	6	0	0	0	12103	6	11599	504	12103	0.9583574320416430	0.0	0.0
cob	438	C	0	3489	0	8675	0	0	8	0	12164	8	8675	3489	12164	0.713170009865176	0.0	0.0
cob	451	C	0	665	0	12318	0	0	9	0	12983	9	12318	665	12983	0.9487791727643840	0.0	0.0
cob	470	C	0	265	0	12604	0	0	10	0	12869	10	12604	265	12869	0.9794078794001090	0.0	0.0
cob	479	C	0	221	0	13323	0	0	10	0	13544	10	13323	221	13544	0.9836828115770820	0.0	0.0
cob	482	C	0	449	0	13199	0	0	10	0	13648	10	13199	449	13648	0.967101406799531	0.0	0.0
cob	492	C	0	8414	0	5417	0	0	10	0	13831	10	5417	8414	13831	0.39165642397512800	0.0	0.0
cob	500	C	0	177	0	13652	0	0	10	0	13829	10	13652	177	13829	0.9872008098922550	0.0	0.0
cob	505	C	0	255	0	13293	0	0	10	0	13548	10	13293	255	13548	0.9811780336581050	0.0	0.0
cob	514	T	0	12154	0	1568	11	0	0	0	13722	11	12154	1568	13722	0.8857309430112230	0.0	0.0
cob	515	T	0	13293	0	599	10	0	0	0	13892	10	13293	599	13892	0.956881658508494	0.0	0.0
cob	516	C	0	355	0	13301	0	0	10	0	13656	10	13301	355	13656	0.97400410076157	0.0	0.0
cob	517	C	0	226	0	13545	0	0	11	0	13771	11	13545	226	13771	0.9835887008931810	0.0	0.0
cob	523	T	0	11327	0	2499	9	0	0	0	13826	9	11327	2499	13826	0.8192535802111960	0.0	0.0
cob	535	C	0	424	0	14065	0	0	9	0	14489	9	14065	424	14489	0.9707364207329700	0.0	0.0
cob	545	T	0	14557	0	293	9	0	0	0	14850	9	14557	293	14850	0.9802693602693600	0.0	0.0
cob	551	C	0	376	0	15462	0	0	9	0	15838	9	15462	376	15838	0.9762596287410030	0.0	0.0
cob	560	C	0	460	0	14020	0	0	7	0	14480	7	14020	460	14480	0.9682320441988950	0.0	0.0
cob	569	T	0	14156	0	429	5	0	0	0	14585	5	14156	429	14585	0.9705862187178610	0.0	0.0
cob	574	T	0	13881	0	400	6	0	0	0	14281	6	13881	400	14281	0.9719907569497930	0.0	0.0
cob	575	T	0	13823	0	492	6	0	0	0	14315	6	13823	492	14315	0.965630457561998	0.0	0.0
cob	601	C	0	334	0	15925	0	0	6	0	16259	6	15925	334	16259	0.9794575312134820	0.0	0.0
cob	650	C	0	324	0	15843	0	0	1	0	16167	1	15843	324	16167	0.9799591760994620	0.0	0.0
cob	656	C	0	329	0	14926	0	0	1	0	15255	1	14926	329	15255	0.9784333005571940	0.0	0.0
cob	658	T	0	14666	0	652	1	0	0	0	15318	1	14666	652	15318	0.9574356965661310	0.0	0.0
cob	661	C	0	257	0	15056	0	0	1	0	15313	1	15056	257	15313	0.983216874551035	0.0	0.0
cob	665	C	0	558	0	14586	0	0	0	0	15144	0	14586	558	15144	0.9631537242472270	0.0	0.0
cob	671	T	0	13556	0	624	0	0	0	0	14180	0	13556	624	14180	0.9559943582510580	0.0	0.0
cob	695	C	0	296	0	13614	0	0	0	0	13910	0	13614	296	13910	0.9787203450754850	0.0	0.0
cob	700	T	0	13950	0	199	0	0	0	0	14149	0	13950	199	14149	0.9859354017951800	0.0	0.0
cob	704	C	0	188	0	14014	0	0	2	0	14202	2	14014	188	14202	0.9867624278270670	0.0	0.0
cob	715	T	0	14153	0	338	2	0	0	0	14491	2	14153	338	14491	0.9766751776965010	0.0	0.0
cob	718	T	0	13678	0	825	2	0	0	0	14503	2	13678	825	14503	0.9431152175411980	0.0	0.0
cob	728	T	0	12986	0	913	5	0	0	0	13899	5	12986	913	13899	0.9343118209943160	0.0	0.0
cob	775	C	0	113	0	10651	0	0	7	0	10764	7	10651	113	10764	0.98950204384987	0.0	0.0
cob	779	T	0	10511	0	255	10	0	0	0	10766	10	10511	255	10766	0.976314322868289	0.0	0.0
cob	791	C	0	161	0	10429	0	0	10	0	10590	10	10429	161	10590	0.9847969782813980	0.0	0.0
cob	808	C	0	334	0	10946	0	0	11	0	11280	11	10946	334	11280	0.9703900709219860	0.0	0.0
cob	837	C	0	4199	0	7777	0	0	11	0	11976	11	7777	4199	11976	0.6493820975283900	0.0	0.0
cob	838	C	0	600	0	11401	0	0	11	0	12001	11	11401	600	12001	0.9500041663194730	0.0	0.0
cob	868	T	0	11299	0	201	9	0	0	0	11500	9	11299	201	11500	0.9825217391304350	0.0	0.0
cob	871	T	0	11208	0	360	9	0	0	0	11568	9	11208	360	11568	0.9688796680497930	0.0	0.0
cob	873	C	0	11026	0	829	0	0	9	0	11855	9	829	11026	11855	0.06992830029523410	2.64973281359373e-21	9.48810450757645e-20
cob	902	T	0	12135	0	166	4	0	0	0	12301	4	12135	166	12301	0.9865051621819360	0.0	0.0
cob	908	T	0	11757	0	240	1	0	0	0	11997	1	11757	240	11997	0.9799949987496870	0.0	0.0
cob	913	T	0	9212	0	219	1	0	0	0	9431	1	9212	219	9431	0.9767787085144740	0.0	0.0
cob	922	T	0	9422	0	295	1	0	0	0	9717	1	9422	295	9717	0.9696408356488630	0.0	0.0
cob	923	T	0	9383	0	334	1	0	0	0	9717	1	9383	334	9717	0.965627251209221	0.0	0.0
cob	934	C	0	211	0	9561	0	0	2	0	9772	2	9561	211	9772	0.978407695456406	0.0	0.0
cob	935	C	0	253	0	9575	0	0	2	0	9828	2	9575	253	9828	0.9742572242572240	0.0	0.0
cob	940	T	0	9829	0	456	2	0	0	0	10285	2	9829	456	10285	0.9556635877491490	0.0	0.0
cob	956	C	0	204	0	10581	0	0	4	0	10785	4	10581	204	10785	0.9810848400556330	0.0	0.0
cob	958	T	0	10094	0	875	3	0	0	0	10969	3	10094	875	10969	0.9202297383535420	0.0	0.0
cob	966	C	0	10221	0	950	0	0	4	0	11171	4	950	10221	11171	0.08504162563781220	1.56345431198897e-54	5.78723739828746e-53
cob	968	T	0	10512	0	138	3	0	0	0	10650	3	10512	138	10650	0.9870422535211270	0.0	0.0
cob	995	C	0	382	0	10935	0	0	6	0	11317	6	10935	382	11317	0.9662454714146860	0.0	0.0
cob	1001	C	0	243	0	10517	0	0	5	0	10760	5	10517	243	10760	0.9774163568773230	0.0	0.0
cob	1016	C	0	329	0	11830	0	0	7	0	12159	7	11830	329	12159	0.9729418537708690	0.0	0.0
cob	1025	C	0	437	0	12326	0	0	6	0	12763	6	12326	437	12763	0.9657604011596020	0.0	0.0
cob	1028	T	0	13318	0	338	6	0	0	0	13656	6	13318	338	13656	0.9752489748096080	0.0	0.0
cob	1058	T	0	13594	0	205	7	0	0	0	13799	7	13594	205	13799	0.985143851003696	0.0	0.0
cob	1064	C	0	164	0	14670	0	0	7	0	14834	7	14670	164	14834	0.9889443171093430	0.0	0.0
cob	1066	T	0	14296	0	383	7	0	0	0	14679	7	14296	383	14679	0.9739083043804070	0.0	0.0
cob	1078	T	0	14641	0	527	7	0	0	0	15168	7	14641	527	15168	0.9652558016877640	0.0	0.0
cob	1090	C	0	122	0	16367	0	0	6	0	16489	6	16367	122	16489	0.9926011280247440	0.0	0.0
cob	1097	C	0	325	0	16589	0	0	6	0	16914	6	16589	325	16914	0.980785148397777	0.0	0.0
cob	1135	T	0	17086	0	235	5	0	0	0	17321	5	17086	235	17321	0.9864326540038100	0.0	0.0
cob	1153	C	0	340	0	15201	0	0	4	0	15541	4	15201	340	15541	0.9781223859468500	0.0	0.0
cob	1168	T	0	14284	0	240	2	0	0	0	14524	2	14284	240	14524	0.98347562654916	0.0	0.0
cob	1178	T	0	11192	0	514	3	0	0	0	11706	3	11192	514	11706	0.9560908935588590	0.0	0.0
cob	1190	C	0	119	0	11402	0	0	3	0	11521	3	11402	119	11521	0.9896710355003910	0.0	0.0
cob	1191	C	0	10589	0	963	0	0	3	0	11552	3	963	10589	11552	0.08336218836565100	1.31771769177324e-51	4.86413928785346e-50
cob	1199	C	0	492	0	10913	0	0	4	0	11405	4	10913	492	11405	0.9568610258658480	0.0	0.0
cob	1269	T	0	192	0	2779	4	0	0	0	2971	4	192	2779	2971	0.06462470548636820	0.0002508208694027080	0.008611767372865700
cob	1276	T	0	17	0	29	5	0	0	0	46	5	17	29	46	0.3695652173913040	3.29312856084835e-11	1.16000960413841e-09
cob	1277	T	0	11	0	30	5	0	0	0	41	5	11	30	41	0.2682926829268290	3.80403123498987e-06	0.00013185223279323200
cox1	28	T	0	2585	0	89	0	0	0	0	2674	0	2585	89	2674	0.9667165295437550	0.0	0.0
cox1	46	T	0	4094	0	509	0	0	0	0	4603	0	4094	509	4603	0.8894199435150990	0.0	0.0
cox1	70	T	0	5460	0	179	0	0	0	0	5639	0	5460	179	5639	0.968256783117574	0.0	0.0
cox1	91	C	0	206	0	6900	0	0	0	0	7106	0	6900	206	7106	0.971010413734872	0.0	0.0
cox1	95	C	0	244	0	7160	0	0	0	0	7404	0	7160	244	7404	0.9670448406266880	0.0	0.0
cox1	107	T	0	7764	0	281	0	0	0	0	8045	0	7764	281	8045	0.9650714729645740	0.0	0.0
cox1	130	C	0	345	0	9514	0	0	0	0	9859	0	9514	345	9859	0.9650065929607470	0.0	0.0
cox1	137	T	0	9579	0	601	0	0	0	0	10180	0	9579	601	10180	0.9409626719056980	0.0	0.0
cox1	148	T	0	9463	0	1046	0	0	0	0	10509	0	9463	1046	10509	0.9004662670092300	0.0	0.0
cox1	158	C	0	331	0	10962	0	0	0	0	11293	0	10962	331	11293	0.970689807845568	0.0	0.0
cox1	163	T	0	10276	0	1317	0	0	0	0	11593	0	10276	1317	11593	0.8863969636849820	0.0	0.0
cox1	168	C	0	10459	0	1339	0	0	0	0	11798	0	1339	10459	11798	0.11349381251059500	6.51381748768943e-165	2.57664102913036e-163
cox1	175	T	0	9828	0	1882	1	0	0	0	11710	1	9828	1882	11710	0.8392826643894110	0.0	0.0
cox1	182	C	0	184	0	11303	0	0	1	0	11487	1	11303	184	11487	0.9839818925742140	0.0	0.0
cox1	196	T	0	7704	0	2101	1	0	0	0	9805	1	7704	2101	9805	0.785721570627231	0.0	0.0
cox1	200	C	0	159	0	9667	0	0	1	0	9826	1	9667	159	9826	0.9838184408711580	0.0	0.0
cox1	218	T	0	9372	0	230	1	0	0	0	9602	1	9372	230	9602	0.9760466569464700	0.0	0.0
cox1	223	T	0	8761	0	276	1	0	0	0	9037	1	8761	276	9037	0.9694588912249640	0.0	0.0
cox1	230	C	0	224	0	8941	0	0	1	0	9165	1	8941	224	9165	0.9755591925804690	0.0	0.0
cox1	236	C	0	327	0	8779	0	0	1	0	9106	1	8779	327	9106	0.9640896112453330	0.0	0.0
cox1	239	C	0	455	0	8721	0	0	1	0	9176	1	8721	455	9176	0.9504141238012210	0.0	0.0
cox1	242	C	0	356	0	8962	0	0	1	0	9318	1	8962	356	9318	0.9617943764756390	0.0	0.0
cox1	244	C	0	292	0	9096	0	0	1	0	9388	1	9096	292	9388	0.9688964635705160	0.0	0.0
cox1	247	C	0	8753	0	531	0	0	1	0	9284	1	531	8753	9284	0.05719517449375270	0.0009776799586772040	0.03348188116714890
cox1	248	C	0	347	0	8886	0	0	1	0	9233	1	8886	347	9233	0.9624174157911840	0.0	0.0
cox1	254	C	0	376	0	8661	0	0	4	0	9037	4	8661	376	9037	0.9583932721035740	0.0	0.0
cox1	257	T	0	8543	0	562	4	0	0	0	9105	4	8543	562	9105	0.9382756727073040	0.0	0.0
cox1	266	C	0	386	0	8395	0	0	4	0	8781	4	8395	386	8781	0.9560414531374560	0.0	0.0
cox1	276	C	0	8144	0	730	0	0	4	0	8874	4	730	8144	8874	0.08226279017354070	8.36395057677385e-38	3.0690296339933e-36
cox1	283	C	0	230	0	8376	0	0	4	0	8606	4	8376	230	8606	0.9732744596792940	0.0	0.0
cox1	293	T	0	8308	0	280	4	0	0	0	8588	4	8308	280	8588	0.9673963670237540	0.0	0.0
cox1	302	C	0	271	0	8489	0	0	4	0	8760	4	8489	271	8760	0.9690639269406390	0.0	0.0
cox1	317	C	0	276	0	7831	0	0	4	0	8107	4	7831	276	8107	0.9659553472307880	0.0	0.0
cox1	326	T	0	7217	0	172	4	0	0	0	7389	4	7217	172	7389	0.9767221545540670	0.0	0.0
cox1	328	T	0	7177	0	361	4	0	0	0	7538	4	7177	361	7538	0.9521093128150700	0.0	0.0
cox1	343	C	0	204	0	7945	0	0	3	0	8149	3	7945	204	8149	0.9749662535280400	0.0	0.0
cox1	344	T	0	8036	0	191	3	0	0	0	8227	3	8036	191	8227	0.9767837607876500	0.0	0.0
cox1	349	C	0	121	0	8307	0	0	4	0	8428	4	8307	121	8428	0.9856430944470810	0.0	0.0
cox1	356	C	0	205	0	8285	0	0	6	0	8490	6	8285	205	8490	0.9758539458186100	0.0	0.0
cox1	358	T	0	8237	0	276	6	0	0	0	8513	6	8237	276	8513	0.9675789968283800	0.0	0.0
cox1	361	T	0	7874	0	350	6	0	0	0	8224	6	7874	350	8224	0.9574416342412450	0.0	0.0
cox1	365	T	0	8225	0	227	6	0	0	0	8452	6	8225	227	8452	0.9731424514907710	0.0	0.0
cox1	377	C	0	349	0	7971	0	0	6	0	8320	6	7971	349	8320	0.9580528846153850	0.0	0.0
cox1	380	C	0	378	0	8140	0	0	6	0	8518	6	8140	378	8518	0.9556233857713080	0.0	0.0
cox1	386	T	0	8599	0	399	6	0	0	0	8998	6	8599	399	8998	0.9556568126250280	0.0	0.0
cox1	392	C	0	668	0	8596	0	0	6	0	9264	6	8596	668	9264	0.9278929188255610	0.0	0.0
cox1	426	T	0	56	0	327	6	0	0	0	383	6	56	327	383	0.1462140992167100	9.60348819105025e-13	3.38731224605683e-11
cox1	883	C	0	266	0	125	0	0	6	0	391	6	125	266	391	0.319693094629156	3.47871225978356e-64	1.2984706870139e-62
cox1	1438	C	0	105	0	77	0	0	3	0	182	3	77	105	182	0.4230769230769230	1.37514353651765e-50	5.07377925205607e-49
cox1	1452	C	0	60	0	69	0	0	3	0	129	3	69	60	129	0.5348837209302330	2.85517703149597e-54	1.05637593799949e-52
cox1	1510	C	0	1	0	28	0	0	0	0	29	0	28	1	29	0.9655172413793100	1.02818012237549e-35	3.76241590509463e-34
cox1	1567	C	0	58	0	8320	0	0	4	0	8378	4	8320	58	8378	0.9930771067080450	0.0	0.0
cox1	1570	C	0	50	0	8466	0	0	4	0	8516	4	8466	50	8516	0.9941286989196810	0.0	0.0
cox1	1578	T	0	8723	0	102	5	0	0	0	8825	5	8723	102	8825	0.988441926345609	0.0	0.0
cox1	1594	T	0	8329	0	86	5	0	0	0	8415	5	8329	86	8415	0.9897801544860370	0.0	0.0
cox1	1597	T	0	8725	0	159	4	0	0	0	8884	4	8725	159	8884	0.9821026564610540	0.0	0.0
cox1	1609	T	0	8644	0	140	5	0	0	0	8784	5	8644	140	8784	0.9840619307832420	0.0	0.0
cox1	1627	T	0	9417	0	151	5	0	0	0	9568	5	9417	151	9568	0.9842182274247490	0.0	0.0
cox1	1639	C	0	162	0	9616	0	0	5	0	9778	5	9616	162	9778	0.9834321947228470	0.0	0.0
cox1	1671	T	0	11355	0	465	5	0	0	0	11820	5	11355	465	11820	0.9606598984771570	0.0	0.0
cox1	1678	C	0	160	0	11738	0	0	3	0	11898	3	11738	160	11898	0.9865523617414690	0.0	0.0
cox1	1683	C	0	162	0	11846	0	0	3	0	12008	3	11846	162	12008	0.9865089940039970	0.0	0.0
cox1	1687	T	0	12012	0	200	3	0	0	0	12212	3	12012	200	12212	0.9836226662299380	0.0	0.0
cox1	1693	C	0	201	0	12402	0	0	3	0	12603	3	12402	201	12603	0.9840514163294450	0.0	0.0
cox1	1711	C	0	441	0	11919	0	0	1	0	12360	1	11919	441	12360	0.9643203883495150	0.0	0.0
cox1	1717	C	0	243	0	12110	0	0	1	0	12353	1	12110	243	12353	0.9803286651015950	0.0	0.0
cox1	1719	C	0	241	0	12100	0	0	1	0	12341	1	12100	241	12341	0.9804715987359210	0.0	0.0
cox1	1723	C	0	252	0	12247	0	0	1	0	12499	1	12247	252	12499	0.9798383870709660	0.0	0.0
cox1	1726	T	0	12361	0	535	2	0	0	0	12896	2	12361	535	12896	0.9585142679900740	0.0	0.0
cox1	1732	C	0	428	0	12122	0	0	1	0	12550	1	12122	428	12550	0.9658964143426300	0.0	0.0
cox1	1753	C	0	542	0	12164	0	0	3	0	12706	3	12164	542	12706	0.95734298756493	0.0	0.0
cox1	1756	C	0	634	0	12077	0	0	2	0	12711	2	12077	634	12711	0.9501219416253640	0.0	0.0
cox1	1764	T	0	10371	0	856	3	0	0	0	11227	3	10371	856	11227	0.9237552329206380	0.0	0.0
cox1	1771	C	0	224	0	11418	0	0	3	0	11642	3	11418	224	11642	0.9807593197045180	0.0	0.0
cox1	1777	T	0	11042	0	552	3	0	0	0	11594	3	11042	552	11594	0.9523891668104190	0.0	0.0
cox1	1780	T	0	11367	0	371	4	0	0	0	11738	4	11367	371	11738	0.9683932526835920	0.0	0.0
cox1	1783	C	0	502	0	11211	0	0	4	0	11713	4	11211	502	11713	0.9571416374967990	0.0	0.0
cox1	1786	C	0	439	0	11470	0	0	4	0	11909	4	11470	439	11909	0.9631371231841470	0.0	0.0
cox1	1821	T	0	9474	0	826	4	0	0	0	10300	4	9474	826	10300	0.9198058252427190	0.0	0.0
cox1	1828	C	0	273	0	9237	0	0	4	0	9510	4	9237	273	9510	0.9712933753943220	0.0	0.0
cox1	1831	C	0	168	0	9485	0	0	4	0	9653	4	9485	168	9653	0.9825960841189270	0.0	0.0
cox1	1833	C	0	178	0	9548	0	0	4	0	9726	4	9548	178	9726	0.9816985399958870	0.0	0.0
cox1	1836	C	0	300	0	9052	0	0	4	0	9352	4	9052	300	9352	0.9679213002566300	0.0	0.0
cox1	1838	C	0	299	0	9408	0	0	4	0	9707	4	9408	299	9707	0.9691974863500570	0.0	0.0
cox1	1839	C	0	285	0	9626	0	0	4	0	9911	4	9626	285	9911	0.9712440722429620	0.0	0.0
cox1	1840	C	0	315	0	9734	0	0	4	0	10049	4	9734	315	10049	0.9686535973728730	0.0	0.0
cox1	1841	C	0	300	0	9942	0	0	4	0	10242	4	9942	300	10242	0.9707088459285300	0.0	0.0
cox1	1845	T	0	9717	0	403	4	0	0	0	10120	4	9717	403	10120	0.9601778656126480	0.0	0.0
cox1	1849	T	0	10085	0	331	4	0	0	0	10416	4	10085	331	10416	0.9682219662058370	0.0	0.0
cox1	1857	C	0	381	0	8989	0	0	4	0	9370	4	8989	381	9370	0.9593383137673430	0.0	0.0
cox1	1861	C	0	380	0	9201	0	0	4	0	9581	4	9201	380	9581	0.9603381692933930	0.0	0.0
cox1	1863	T	0	9689	0	393	4	0	0	0	10082	4	9689	393	10082	0.9610196389605240	0.0	0.0
cox1	1870	C	0	473	0	9801	0	0	4	0	10274	4	9801	473	10274	0.9539614561027840	0.0	0.0
cox1	1872	T	0	9538	0	645	4	0	0	0	10183	4	9538	645	10183	0.9366591377786510	0.0	0.0
cox1	1878	C	0	409	0	9398	0	0	4	0	9807	4	9398	409	9807	0.9582950953400630	0.0	0.0
cox1	1893	T	0	11306	0	262	3	0	0	0	11568	3	11306	262	11568	0.9773513139695710	0.0	0.0
cox1	1898	C	0	10593	0	1409	0	0	3	0	12002	3	1409	10593	12002	0.11739710048325300	3.21540617862917e-186	1.28395047717126e-184
cox1	1904	C	0	213	0	12018	0	0	3	0	12231	3	12018	213	12231	0.9825852342408630	0.0	0.0
cox1	1908	C	0	490	0	11828	0	0	1	0	12318	1	11828	490	12318	0.9602208150673810	0.0	0.0
cox1	1911	C	0	344	0	11885	0	0	1	0	12229	1	11885	344	12229	0.9718701447379180	0.0	0.0
cox1	1936	C	0	235	0	12727	0	0	1	0	12962	1	12727	235	12962	0.9818700817775040	0.0	0.0
cox1	1942	C	0	280	0	12492	0	0	1	0	12772	1	12492	280	12772	0.9780770435327280	0.0	0.0
cox1	1972	C	0	461	0	13224	0	0	1	0	13685	1	13224	461	13685	0.966313481914505	0.0	0.0
cox1	1981	C	0	271	0	13630	0	0	1	0	13901	1	13630	271	13901	0.9805049996403140	0.0	0.0
cox1	1984	C	0	268	0	13760	0	0	1	0	14028	1	13760	268	14028	0.9808953521528370	0.0	0.0
cox1	1986	C	0	364	0	13627	0	0	1	0	13991	1	13627	364	13991	0.9739832749624760	0.0	0.0
cox1	1992	T	0	11051	0	198	3	0	0	0	11249	3	11051	198	11249	0.9823984354164810	0.0	0.0
cox1	1995	T	0	11333	0	277	3	0	0	0	11610	3	11333	277	11610	0.9761412575366060	0.0	0.0
cox1	1999	C	0	257	0	11557	0	0	3	0	11814	3	11557	257	11814	0.97824614863721	0.0	0.0
cox1	2002	C	0	306	0	12019	0	0	4	0	12325	4	12019	306	12325	0.9751724137931040	0.0	0.0
cox1	2014	C	0	390	0	10895	0	0	4	0	11285	4	10895	390	11285	0.9654408506867520	0.0	0.0
cox1	2050	T	0	11336	0	205	4	0	0	0	11541	4	11336	205	11541	0.9822372411402820	0.0	0.0
cox1	2062	T	0	11869	0	503	5	0	0	0	12372	5	11869	503	12372	0.959343679275784	0.0	0.0
cox1	2068	T	0	11845	0	377	6	0	0	0	12222	6	11845	377	12222	0.9691539846179020	0.0	0.0
cox1	2071	T	0	11955	0	421	6	0	0	0	12376	6	11955	421	12376	0.9659825468649000	0.0	0.0
cox1	2085	C	0	605	0	11086	0	0	6	0	11691	6	11086	605	11691	0.9482507912069110	0.0	0.0
cox1	2086	C	0	509	0	11268	0	0	6	0	11777	6	11268	509	11777	0.9567801647278590	0.0	0.0
cox1	2091	C	0	636	0	12066	0	0	6	0	12702	6	12066	636	12702	0.9499291450165330	0.0	0.0
cox1	2101	T	0	12441	0	713	7	0	0	0	13154	7	12441	713	13154	0.9457959556028590	0.0	0.0
cox1	2121	T	0	12923	0	863	10	0	0	0	13786	10	12923	863	13786	0.9374002611344840	0.0	0.0
cox1	2134	T	0	12681	0	261	10	0	0	0	12942	10	12681	261	12942	0.9798331015299030	0.0	0.0
cox1	2140	C	0	195	0	12817	0	0	10	0	13012	10	12817	195	13012	0.985013833384568	0.0	0.0
cox1	2155	C	0	272	0	12477	0	0	10	0	12749	10	12477	272	12749	0.9786649933328100	0.0	0.0
cox1	2158	C	0	357	0	12727	0	0	10	0	13084	10	12727	357	13084	0.9727147661265670	0.0	0.0
cox1	2163	C	0	11275	0	1894	0	0	10	0	13169	10	1894	11275	13169	0.14382261371402500	0.0	0.0
cox1	2164	C	0	335	0	12800	0	0	10	0	13135	10	12800	335	13135	0.9744956223829460	0.0	0.0
cox1	2197	C	0	136	0	13907	0	0	9	0	14043	9	13907	136	14043	0.9903154596596170	0.0	0.0
cox1	2206	T	0	13674	0	217	6	0	0	0	13891	6	13674	217	13891	0.984378374487078	0.0	0.0
cox1	2207	C	0	13114	0	791	0	0	6	0	13905	6	791	13114	13905	0.05688601222581810	0.00013841235720683900	0.004758414865657600
cox1	2226	T	0	12484	0	292	6	0	0	0	12776	6	12484	292	12776	0.9771446462116470	0.0	0.0
cox1	2238	C	0	317	0	12372	0	0	8	0	12689	8	12372	317	12689	0.9750177318937660	0.0	0.0
cox1	2245	C	0	203	0	10573	0	0	9	0	10776	9	10573	203	10776	0.9811618411284340	0.0	0.0
cox1	2250	T	0	10159	0	314	9	0	0	0	10473	9	10159	314	10473	0.9700181418886660	0.0	0.0
cox1	2254	C	0	549	0	10180	0	0	9	0	10729	9	10180	549	10729	0.9488302730916210	0.0	0.0
cox1	2256	T	0	10438	0	327	9	0	0	0	10765	9	10438	327	10765	0.9696237807710170	0.0	0.0
cox1	2259	C	0	329	0	10469	0	0	9	0	10798	9	10469	329	10798	0.9695313947027230	0.0	0.0
cox1	2263	C	0	189	0	10880	0	0	9	0	11069	9	10880	189	11069	0.9829252868371130	0.0	0.0
cox1	2265	T	0	10547	0	513	9	0	0	0	11060	9	10547	513	11060	0.953616636528029	0.0	0.0
cox1	2268	C	0	674	0	10292	0	0	9	0	10966	9	10292	674	10966	0.9385372971001280	0.0	0.0
cox1	2269	T	0	10616	0	434	9	0	0	0	11050	9	10616	434	11050	0.9607239819004530	0.0	0.0
cox1	2272	C	0	605	0	10456	0	0	9	0	11061	9	10456	605	11061	0.9453033179640180	0.0	0.0
cox1	2284	C	0	731	0	10160	0	0	5	0	10891	5	10160	731	10891	0.9328803599302180	0.0	0.0
cox1	2294	C	0	8275	0	2869	0	0	5	0	11144	5	2869	8275	11144	0.25744795405599400	0.0	0.0
cox1	2296	T	0	10684	0	444	5	0	0	0	11128	5	10684	444	11128	0.9601006470165350	0.0	0.0
cox1	2310	C	0	279	0	10120	0	0	7	0	10399	7	10120	279	10399	0.9731704971631890	0.0	0.0
cox1	2325	C	0	416	0	11284	0	0	8	0	11700	8	11284	416	11700	0.9644444444444440	0.0	0.0
cox1	2334	T	0	10163	0	431	8	0	0	0	10594	8	10163	431	10594	0.9593165942986600	0.0	0.0
cox1	2341	T	0	10741	0	299	8	0	0	0	11040	8	10741	299	11040	0.9729166666666670	0.0	0.0
cox1	2350	C	0	422	0	11012	0	0	8	0	11434	8	11012	422	11434	0.9630925310477520	0.0	0.0
cox1	2355	T	0	11231	0	543	10	0	0	0	11774	10	11231	543	11774	0.9538814336674030	0.0	0.0
cox1	2361	T	0	11668	0	509	11	0	0	0	12177	11	11668	509	12177	0.9581998850291530	0.0	0.0
cox1	2364	C	0	692	0	11772	0	0	12	0	12464	12	11772	692	12464	0.9444801026957640	0.0	0.0
cox1	2379	C	0	283	0	12504	0	0	12	0	12787	12	12504	283	12787	0.9778681473371390	0.0	0.0
cox1	2386	C	0	308	0	13603	0	0	12	0	13911	12	13603	308	13911	0.9778592480770610	0.0	0.0
cox1	2397	C	0	431	0	15387	0	0	12	0	15818	12	15387	431	15818	0.9727525603742570	0.0	0.0
cox1	2401	C	0	640	0	15209	0	0	12	0	15849	12	15209	640	15849	0.9596189034008450	0.0	0.0
cox1	2404	T	0	15097	0	374	12	0	0	0	15471	12	15097	374	15471	0.9758257384784440	0.0	0.0
cox1	2407	C	0	353	0	14871	0	0	12	0	15224	12	14871	353	15224	0.9768129269574360	0.0	0.0
cox1	2412	C	0	365	0	15082	0	0	12	0	15447	12	15082	365	15447	0.9763708163397420	0.0	0.0
cox1	2416	C	0	363	0	15293	0	0	11	0	15656	11	15293	363	15656	0.9768140010219720	0.0	0.0
cox1	2422	C	0	534	0	15561	0	0	8	0	16095	8	15561	534	16095	0.9668219944082010	0.0	0.0
cox1	2436	T	0	16939	0	593	7	0	0	0	17532	7	16939	593	17532	0.9661761350673060	0.0	0.0
cox1	2439	T	0	17177	0	793	7	0	0	0	17970	7	17177	793	17970	0.9558708959376740	0.0	0.0
cox1	2472	C	0	362	0	20060	0	0	8	0	20422	8	20060	362	20422	0.9822740182156500	0.0	0.0
cox1	2482	C	0	744	0	21058	0	0	6	0	21802	6	21058	744	21802	0.9658746903953770	0.0	0.0
cox1	2496	C	0	346	0	20536	0	0	6	0	20882	6	20536	346	20882	0.9834307058710850	0.0	0.0
cox1	2505	C	0	343	0	21691	0	0	5	0	22034	5	21691	343	22034	0.9844331487700830	0.0	0.0
cox1	2506	T	0	21500	0	521	5	0	0	0	22021	5	21500	521	22021	0.976340765632805	0.0	0.0
cox1	2507	C	0	875	0	21099	0	0	6	0	21974	6	21099	875	21974	0.9601802129789750	0.0	0.0
cox1	2512	C	0	748	0	19940	0	0	6	0	20688	6	19940	748	20688	0.9638437741686000	0.0	0.0
cox1	2521	C	0	613	0	18296	0	0	5	0	18909	5	18296	613	18909	0.9675815749114180	0.0	0.0
cox1	2523	C	0	485	0	18874	0	0	6	0	19359	6	18874	485	19359	0.9749470530502610	0.0	0.0
cox1	2527	C	0	525	0	20090	0	0	6	0	20615	6	20090	525	20615	0.9745331069609510	0.0	0.0
cox1	2543	C	0	18101	0	2262	0	0	6	0	20363	6	2262	18101	20363	0.11108382851249800	2.75342248566955e-264	1.12127426510983e-262
cox1	2551	C	0	961	0	20742	0	0	6	0	21703	6	20742	961	21703	0.9557204073169610	0.0	0.0
cox1	2575	T	0	23466	0	1115	7	0	0	0	24581	7	23466	1115	24581	0.9546397624181280	0.0	0.0
cox1	2583	C	0	475	0	24529	0	0	6	0	25004	6	24529	475	25004	0.9810030395136780	0.0	0.0
cox1	2595	T	0	25795	0	307	6	0	0	0	26102	6	25795	307	26102	0.9882384491609840	0.0	0.0
cox1	2610	T	0	22759	0	430	6	0	0	0	23189	6	22759	430	23189	0.9814567251714180	0.0	0.0
cox1	2625	T	0	24164	0	477	5	0	0	0	24641	5	24164	477	24641	0.9806420193985630	0.0	0.0
cox1	2661	T	0	25806	0	382	5	0	0	0	26188	5	25806	382	26188	0.9854131663357260	0.0	0.0
cox1	2688	C	0	218	0	24882	0	0	5	0	25100	5	24882	218	25100	0.9913147410358570	0.0	0.0
cox1	2692	C	0	7044	0	18044	0	0	4	0	25088	4	18044	7044	25088	0.7192283163265310	0.0	0.0
cox2	415	C	0	470	0	6573	0	0	1	0	7043	1	6573	470	7043	0.9332670736901890	0.0	0.0
cox2	442	C	0	424	0	9234	0	0	1	0	9658	1	9234	424	9658	0.9560985711327400	0.0	0.0
cox2	446	C	0	9053	0	649	0	0	1	0	9702	1	649	9053	9702	0.06689342403628120	1.90565412768931e-13	6.72452453463302e-12
cox2	492	T	0	11346	0	1396	2	0	0	0	12742	2	11346	1396	12742	0.8904410610579190	0.0	0.0
cox2	500	C	0	11946	0	1131	0	0	2	0	13077	2	1131	11946	13077	0.08648772654278500	2.99828763482042e-68	1.12385978532702e-66
cox2	513	C	0	2365	0	10604	0	0	2	0	12969	2	10604	2365	12969	0.8176420695504670	0.0	0.0
cox2	514	C	0	934	0	12140	0	0	2	0	13074	2	12140	934	13074	0.9285605017592170	0.0	0.0
cox2	516	C	0	961	0	12233	0	0	2	0	13194	2	12233	961	13194	0.9271638623616800	0.0	0.0
cox2	521	C	0	2691	0	10486	0	0	2	0	13177	2	10486	2691	13177	0.7957805266752680	0.0	0.0
cox2	524	C	0	10270	0	2982	0	0	3	0	13252	3	2982	10270	13252	0.22502263809236300	0.0	0.0
cox2	537	T	0	13346	0	751	3	0	0	0	14097	3	13346	751	14097	0.946726253812868	0.0	0.0
cox2	549	T	0	13288	0	913	3	0	0	0	14201	3	13288	913	14201	0.935708752904725	0.0	0.0
cox2	562	T	0	12444	0	713	3	0	0	0	13157	3	12444	713	13157	0.9458083149654180	0.0	0.0
cox2	573	T	0	12849	0	430	3	0	0	0	13279	3	12849	430	13279	0.967618043527374	0.0	0.0
cox2	589	C	0	616	0	13056	0	0	3	0	13672	3	13056	616	13672	0.9549444119368050	0.0	0.0
cox2	604	C	0	567	0	13327	0	0	3	0	13894	3	13327	567	13894	0.9591910177054840	0.0	0.0
cox2	609	C	0	523	0	12012	0	0	3	0	12535	3	12012	523	12535	0.9582768248903070	0.0	0.0
cox2	617	C	0	11912	0	893	0	0	3	0	12805	3	893	11912	12805	0.0697383834439672	1.747922048537e-22	6.28138411538405e-21
cox2	718	C	0	533	0	10906	0	0	5	0	11439	5	10906	533	11439	0.953405017921147	0.0	0.0
cox2	739	C	0	405	0	9907	0	0	9	0	10312	9	9907	405	10312	0.9607253685027150	0.0	0.0
cox2	742	T	0	9494	0	851	9	0	0	0	10345	9	9494	851	10345	0.9177380376993720	0.0	0.0
cox2	766	T	0	8157	0	1299	9	0	0	0	9456	9	8157	1299	9456	0.8626269035533000	0.0	0.0
cox2	772	T	0	7759	0	1694	9	0	0	0	9453	9	7759	1694	9453	0.8207976303818890	0.0	0.0
cox2	793	T	0	8175	0	1360	9	0	0	0	9535	9	8175	1360	9535	0.8573675930781330	0.0	0.0
cox2	801	T	0	6422	0	2371	8	0	0	0	8793	8	6422	2371	8793	0.7303536904355740	0.0	0.0
cox2	814	T	0	8855	0	735	9	0	0	0	9590	9	8855	735	9590	0.9233576642335770	0.0	0.0
cox2	823	T	0	8680	0	980	8	0	0	0	9660	8	8680	980	9660	0.8985507246376810	0.0	0.0
cox2	843	T	0	5484	0	1594	9	0	0	0	7078	9	5484	1594	7078	0.7747951398700200	0.0	0.0
cox2	846	C	0	352	0	6701	0	0	9	0	7053	9	6701	352	7053	0.9500921593648090	0.0	0.0
cox2	852	C	0	511	0	6218	0	0	8	0	6729	8	6218	511	6729	0.9240600386387280	0.0	0.0
cox2	1563	C	0	1017	0	249	0	0	8	0	1266	8	249	1017	1266	0.1966824644549760	3.35083829025698e-76	1.26429038495603e-74
cox2	1930	C	0	179	0	6987	0	0	8	0	7166	8	6987	179	7166	0.9750209321797380	0.0	0.0
cox2	1937	T	0	7341	0	773	8	0	0	0	8114	8	7341	773	8114	0.9047325610056690	0.0	0.0
cox2	1979	C	0	424	0	9298	0	0	4	0	9722	4	9298	424	9722	0.9563875745731330	0.0	0.0
cox2	1991	T	0	8864	0	398	4	0	0	0	9262	4	8864	398	9262	0.9570287194990280	0.0	0.0
cox2	1995	C	0	526	0	9357	0	0	4	0	9883	4	9357	526	9883	0.9467772943438230	0.0	0.0
cox2	2004	C	0	640	0	9239	0	0	3	0	9879	3	9239	640	9879	0.9352161149913960	0.0	0.0
cox2	2018	T	0	11120	0	592	3	0	0	0	11712	3	11120	592	11712	0.9494535519125680	0.0	0.0
cox2	2031	T	0	11650	0	982	2	0	0	0	12632	2	11650	982	12632	0.9222609246358460	0.0	0.0
cox2	2048	T	0	13354	0	272	2	0	0	0	13626	2	13354	272	13626	0.9800381623367090	0.0	0.0
cox2	2064	T	0	14315	0	275	2	0	0	0	14590	2	14315	275	14590	0.981151473612063	0.0	0.0
cox2	2078	T	0	15284	0	448	4	0	0	0	15732	4	15284	448	15732	0.9715230104246120	0.0	0.0
cox2	2084	C	0	461	0	15580	0	0	4	0	16041	4	15580	461	16041	0.9712611433202420	0.0	0.0
cox2	2097	T	0	14357	0	777	5	0	0	0	15134	5	14357	777	15134	0.9486586493987050	0.0	0.0
cox2	2099	C	0	2927	0	12333	0	0	5	0	15260	5	12333	2927	15260	0.8081913499344690	0.0	0.0
cox2	2100	C	0	461	0	14768	0	0	5	0	15229	5	14768	461	15229	0.9697288068816080	0.0	0.0
cox2	2106	C	0	175	0	15103	0	0	5	0	15278	5	15103	175	15278	0.9885456211546010	0.0	0.0
cox2	2129	T	0	14546	0	175	5	0	0	0	14721	5	14546	175	14721	0.988112220637185	0.0	0.0
cox2	2133	C	0	137	0	15065	0	0	5	0	15202	5	15065	137	15202	0.990988027891067	0.0	0.0
cox2	2154	C	0	698	0	12782	0	0	5	0	13480	5	12782	698	13480	0.948219584569733	0.0	0.0
cox2	2156	T	0	13063	0	529	5	0	0	0	13592	5	13063	529	13592	0.9610800470865220	0.0	0.0
cox2	2159	T	0	13183	0	640	5	0	0	0	13823	5	13183	640	13823	0.953700354481661	0.0	0.0
cox2	2174	C	0	1017	0	13712	0	0	5	0	14729	5	13712	1017	14729	0.9309525426030280	0.0	0.0
cox2	2180	T	0	13977	0	999	5	0	0	0	14976	5	13977	999	14976	0.9332932692307690	0.0	0.0
cox2	2183	C	0	1088	0	13960	0	0	5	0	15048	5	13960	1088	15048	0.9276980329611910	0.0	0.0
cox2	2207	T	0	12792	0	949	7	0	0	0	13741	7	12792	949	13741	0.9309366130558180	0.0	0.0
cox2	2217	C	0	582	0	13076	0	0	7	0	13658	7	13076	582	13658	0.9573876116561720	0.0	0.0
cox2	2220	T	0	13077	0	687	7	0	0	0	13764	7	13077	687	13764	0.9500871839581520	0.0	0.0
cox2	2223	C	0	908	0	12688	0	0	7	0	13596	7	12688	908	13596	0.9332156516622540	0.0	0.0
cox2	2227	C	0	12613	0	965	0	0	10	0	13578	10	965	12613	13578	0.07107084990425690	1.30087095862045e-26	4.71717363184314e-25
cox2	2445	C	0	13945	0	883	0	0	7	0	14828	7	883	13945	14828	0.0595495009441597	1.1456680300544e-07	3.99522422914311e-06
cox2	2632	T	0	41	0	440	1	0	0	0	481	1	41	440	481	0.08523908523908520	0.0007441164847881880	0.02550501440500790
cox2	2639	T	0	10	0	9	1	0	0	0	19	1	10	9	19	0.5263157894736840	5.93933905966438e-09	2.07571089597398e-07
cox3	24	T	0	2876	0	75	2	0	0	0	2951	2	2876	75	2951	0.9745848864791600	0.0	0.0
cox3	38	T	0	3983	0	133	2	0	0	0	4116	2	3983	133	4116	0.967687074829932	0.0	0.0
cox3	116	T	0	10105	0	129	4	0	0	0	10234	4	10105	129	10234	0.9873949579831930	0.0	0.0
cox3	134	T	0	10454	0	692	4	0	0	0	11146	4	10454	692	11146	0.9379149470662120	0.0	0.0
cox3	143	T	0	10284	0	1385	4	0	0	0	11669	4	10284	1385	11669	0.8813094523952350	0.0	0.0
cox3	167	T	0	12095	0	1644	3	0	0	0	13739	3	12095	1644	13739	0.8803406361452800	0.0	0.0
cox3	186	C	0	166	0	13044	0	0	5	0	13210	5	13044	166	13210	0.9874337623012870	0.0	0.0
cox3	194	T	0	12535	0	1154	5	0	0	0	13689	5	12535	1154	13689	0.9156987362115570	0.0	0.0
cox3	206	T	0	13278	0	1085	6	0	0	0	14363	6	13278	1085	14363	0.9244586785490500	0.0	0.0
cox3	219	T	0	13576	0	312	5	0	0	0	13888	5	13576	312	13888	0.9775345622119820	0.0	0.0
cox3	292	C	0	11265	0	4714	0	0	5	0	15979	5	4714	11265	15979	0.2950122035171160	0.0	0.0
cox3	335	C	0	267	0	13246	0	0	6	0	13513	6	13246	267	13513	0.9802412491674680	0.0	0.0
cox3	350	T	0	13826	0	279	5	0	0	0	14105	5	13826	279	14105	0.9802197802197800	0.0	0.0
cox3	357	T	0	13601	0	360	5	0	0	0	13961	5	13601	360	13961	0.9742138815271110	0.0	0.0
cox3	379	C	0	853	0	12877	0	0	5	0	13730	5	12877	853	13730	0.9378732702112160	0.0	0.0
cox3	389	T	0	11710	0	1324	5	0	0	0	13034	5	11710	1324	13034	0.8984195181832130	0.0	0.0
cox3	441	C	0	122	0	12499	0	0	7	0	12621	7	12499	122	12621	0.9903335710324060	0.0	0.0
cox3	443	C	0	111	0	12771	0	0	7	0	12882	7	12771	111	12882	0.9913833255705640	0.0	0.0
cox3	446	C	0	11538	0	1308	0	0	6	0	12846	6	1308	11538	12846	0.10182157870154100	2.58073501393322e-125	1.00741732985418e-123
cox3	470	T	0	13535	0	206	6	0	0	0	13741	6	13535	206	13741	0.9850083691143290	0.0	0.0
cox3	474	T	0	13952	0	200	6	0	0	0	14152	6	13952	200	14152	0.9858677218767670	0.0	0.0
cox3	486	T	0	12668	0	354	6	0	0	0	13022	6	12668	354	13022	0.9728152357548760	0.0	0.0
cox3	509	C	0	189	0	13952	0	0	6	0	14141	6	13952	189	14141	0.9866346085849660	0.0	0.0
cox3	632	T	0	14129	0	248	1	0	0	0	14377	1	14129	248	14377	0.9827502260555050	0.0	0.0
cox3	635	T	0	13752	0	711	1	0	0	0	14463	1	13752	711	14463	0.9508400746733040	0.0	0.0
cox3	660	T	0	14055	0	185	1	0	0	0	14240	1	14055	185	14240	0.9870084269662920	0.0	0.0
cox3	665	C	0	120	0	14518	0	0	1	0	14638	1	14518	120	14638	0.9918021587648590	0.0	0.0
cox3	675	C	0	276	0	14093	0	0	2	0	14369	2	14093	276	14369	0.9807919827406220	0.0	0.0
cox3	680	C	0	260	0	14646	0	0	2	0	14906	2	14646	260	14906	0.9825573594525690	0.0	0.0
cox3	681	C	0	249	0	14709	0	0	2	0	14958	2	14709	249	14958	0.9833533894905740	0.0	0.0
cox3	682	C	0	4853	0	10108	0	0	2	0	14961	2	10108	4853	14961	0.6756232872134220	0.0	0.0
cox3	692	T	0	12538	0	698	2	0	0	0	13236	2	12538	698	13236	0.947265034753702	0.0	0.0
cox3	717	T	0	11877	0	1267	1	0	0	0	13144	1	11877	1267	13144	0.9036062081558130	0.0	0.0
cox3	723	T	0	13282	0	231	2	0	0	0	13513	2	13282	231	13513	0.9829053504033150	0.0	0.0
cox3	747	T	0	12507	0	86	1	0	0	0	12593	1	12507	86	12593	0.993170809179703	0.0	0.0
cox3	755	C	0	179	0	12677	0	0	1	0	12856	1	12677	179	12856	0.986076540136901	0.0	0.0
cox3	763	C	0	10862	0	721	0	0	1	0	11583	1	721	10862	11583	0.062246395579728900	2.92172684137089e-09	1.02288532975302e-07
cox3	765	T	0	11594	0	110	1	0	0	0	11704	1	11594	110	11704	0.9906015037593990	0.0	0.0
cox3	771	C	0	160	0	10733	0	0	1	0	10893	1	10733	160	10893	0.9853116680436980	0.0	0.0
cox3	773	T	0	10872	0	176	1	0	0	0	11048	1	10872	176	11048	0.9840695148443160	0.0	0.0
cox3	780	C	0	235	0	10649	0	0	1	0	10884	1	10649	235	10884	0.9784086732818820	0.0	0.0
cox3	782	T	0	10364	0	375	1	0	0	0	10739	1	10364	375	10739	0.9650805475370150	0.0	0.0
cox3	789	C	0	280	0	10626	0	0	1	0	10906	1	10626	280	10906	0.9743260590500640	0.0	0.0
cox3	792	C	0	224	0	10735	0	0	1	0	10959	1	10735	224	10959	0.979560178848435	0.0	0.0
cox3	803	C	0	189	0	11179	0	0	1	0	11368	1	11179	189	11368	0.9833743842364530	0.0	0.0
cox3	807	C	0	181	0	11745	0	0	5	0	11926	5	11745	181	11926	0.9848230756330710	0.0	0.0
cox3	815	C	0	247	0	10837	0	0	5	0	11084	5	10837	247	11084	0.9777156261277520	0.0	0.0
cox3	824	T	0	10209	0	190	5	0	0	0	10399	5	10209	190	10399	0.981729012405039	0.0	0.0
cox3	827	T	0	10290	0	297	4	0	0	0	10587	4	10290	297	10587	0.9719467271181640	0.0	0.0
cox3	881	C	0	139	0	9806	0	0	8	0	9945	8	9806	139	9945	0.9860231271995980	0.0	0.0
cox3	887	C	0	157	0	9730	0	0	8	0	9887	8	9730	157	9887	0.9841205623546070	0.0	0.0
cox3	894	C	0	225	0	8869	0	0	8	0	9094	8	8869	225	9094	0.9752584121398720	0.0	0.0
cox3	908	C	0	180	0	6850	0	0	10	0	7030	10	6850	180	7030	0.9743954480796590	0.0	0.0
cox3	912	C	0	240	0	6697	0	0	10	0	6937	10	6697	240	6937	0.9654029119215800	0.0	0.0
cox3	917	C	0	6365	0	468	0	0	10	0	6833	10	468	6365	6833	0.06849114590955660	1.57010530238801e-11	5.53315331860467e-10
cox3	918	C	0	95	0	6693	0	0	10	0	6788	10	6693	95	6788	0.9860047142015320	0.0	0.0
cox3	921	C	0	185	0	6516	0	0	10	0	6701	10	6516	185	6701	0.9723921802716010	0.0	0.0
cox3	926	C	0	140	0	6111	0	0	10	0	6251	10	6111	140	6251	0.9776035834266520	0.0	0.0
mttB	11	C	0	35	0	91	0	0	6	0	126	6	91	35	126	0.7222222222222220	1.16227837587683e-88	4.43337249830887e-87
mttB	118	T	0	893	0	70	7	0	0	0	963	7	893	70	963	0.9273104880581520	0.0	0.0
mttB	141	C	0	939	0	135	0	0	5	0	1074	5	135	939	1074	0.12569832402234600	3.7460687188115e-22	1.34499146801541e-20
mttB	173	C	0	71	0	964	0	0	3	0	1035	3	964	71	1035	0.9314009661835750	0.0	0.0
mttB	227	C	0	47	0	944	0	0	3	0	991	3	944	47	991	0.9525731584258330	0.0	0.0
mttB	250	C	0	202	0	714	0	0	4	0	916	4	714	202	916	0.7794759825327510	0.0	0.0
mttB	271	C	0	46	0	752	0	0	4	0	798	4	752	46	798	0.9423558897243110	0.0	0.0
mttB	279	T	0	682	0	153	4	0	0	0	835	4	682	153	835	0.8167664670658680	0.0	0.0
mttB	300	C	0	53	0	789	0	0	5	0	842	5	789	53	842	0.9370546318289790	0.0	0.0
mttB	305	C	0	707	0	116	0	0	5	0	823	5	116	707	823	0.14094775212636700	2.85233777401448e-23	1.02732895851667e-21
mttB	313	T	0	706	0	116	7	0	0	0	822	7	706	116	822	0.8588807785888080	0.0	0.0
mttB	315	C	0	105	0	696	0	0	7	0	801	7	696	105	801	0.8689138576779030	0.0	0.0
mttB	324	C	0	147	0	508	0	0	6	0	655	6	508	147	655	0.7755725190839700	0.0	0.0
mttB	325	T	0	501	0	166	6	0	0	0	667	6	501	166	667	0.7511244377811100	0.0	0.0
mttB	330	C	0	399	0	265	0	0	6	0	664	6	265	399	664	0.3990963855421690	7.00551405671333e-162	2.76431372892045e-160
mttB	331	C	0	103	0	561	0	0	6	0	664	6	561	103	664	0.8448795180722890	0.0	0.0
mttB	346	C	0	246	0	356	0	0	6	0	602	6	356	246	602	0.5913621262458470	5.242600663403e-294	2.15355281199952e-292
mttB	351	C	0	193	0	405	0	0	7	0	598	7	405	193	598	0.677257525083612	0.0	0.0
mttB	352	C	0	235	0	360	0	0	7	0	595	7	360	235	595	0.6050420168067230	2.00180519081101e-302	8.25687947447699e-301
mttB	355	C	0	157	0	439	0	0	6	0	596	6	439	157	596	0.7365771812080540	0.0	0.0
mttB	367	T	0	355	0	209	7	0	0	0	564	7	355	209	564	0.6294326241134750	3.25941363430464e-307	1.34580180894366e-305
mttB	370	C	0	147	0	414	0	0	7	0	561	7	414	147	561	0.7379679144385030	0.0	0.0
mttB	373	C	0	176	0	376	0	0	7	0	552	7	376	176	552	0.6811594202898550	0.0	0.0
mttB	374	C	0	427	0	109	0	0	6	0	536	6	109	427	536	0.20335820895522400	9.24689274479996e-36	3.38525869581337e-34
mttB	385	C	0	217	0	247	0	0	6	0	464	6	247	217	464	0.5323275862068970	4.54850828730964e-189	1.8180868803896e-187
mttB	390	C	0	51	0	420	0	0	6	0	471	6	420	51	471	0.89171974522293	0.0	0.0
mttB	391	C	0	106	0	366	0	0	6	0	472	6	366	106	472	0.7754237288135590	0.0	0.0
mttB	396	C	0	70	0	394	0	0	4	0	464	4	394	70	464	0.8491379310344830	0.0	0.0
mttB	402	T	0	218	0	219	5	0	0	0	437	5	218	219	437	0.4988558352402750	4.48190513142694e-159	1.76677935451555e-157
mttB	409	T	0	253	0	203	4	0	0	0	456	4	253	203	456	0.5548245614035090	9.71811325638937e-200	3.89804861323636e-198
mttB	438	C	0	49	0	328	0	0	5	0	377	5	328	49	377	0.870026525198939	0.0	0.0
mttB	439	T	0	216	0	162	6	0	0	0	378	6	216	162	378	0.5714285714285710	1.29413566656107e-174	5.14711296737214e-173
mttB	442	C	0	71	0	308	0	0	5	0	379	5	308	71	379	0.8126649076517150	0.0	0.0
mttB	454	C	0	91	0	285	0	0	5	0	376	5	285	91	376	0.7579787234042550	1.71728459241922e-284	7.03981220173822e-283
mttB	468	T	0	208	0	185	5	0	0	0	393	5	208	185	393	0.5292620865139950	7.99607396397521e-159	3.14742760030635e-157
mttB	475	C	0	180	0	213	0	0	4	0	393	4	213	180	393	0.5419847328244280	1.58081930029559e-165	6.26245240317891e-164
mttB	480	C	0	84	0	316	0	0	4	0	400	4	316	84	400	0.79	0.0	0.0
mttB	483	T	0	239	0	184	5	0	0	0	423	5	239	184	423	0.5650118203309690	2.20527153787279e-191	8.82350952680752e-190
mttB	489	C	0	51	0	392	0	0	6	0	443	6	392	51	443	0.8848758465011290	0.0	0.0
mttB	496	C	0	259	0	175	0	0	5	0	434	5	175	259	434	0.4032258064516130	1.86472470657766e-108	7.22632696885747e-107
mttB	505	T	0	370	0	110	7	0	0	0	480	7	370	110	480	0.7708333333333330	0.0	0.0
mttB	522	T	0	528	0	123	6	0	0	0	651	6	528	123	651	0.8110599078341010	0.0	0.0
mttB	553	C	0	131	0	695	0	0	6	0	826	6	695	131	826	0.8414043583535110	0.0	0.0
mttB	574	C	0	205	0	702	0	0	7	0	907	7	702	205	907	0.7739801543550170	0.0	0.0
mttB	577	C	0	427	0	520	0	0	6	0	947	6	520	427	947	0.5491024287222810	0.0	0.0
mttB	582	C	0	290	0	669	0	0	7	0	959	7	669	290	959	0.6976016684045880	0.0	0.0
mttB	583	C	0	59	0	907	0	0	7	0	966	7	907	59	966	0.9389233954451350	0.0	0.0
mttB	584	C	0	95	0	871	0	0	7	0	966	7	871	95	966	0.901656314699793	0.0	0.0
mttB	592	C	0	288	0	720	0	0	8	0	1008	8	720	288	1008	0.7142857142857140	0.0	0.0
mttB	606	T	0	849	0	290	8	0	0	0	1139	8	849	290	1139	0.7453906935908690	0.0	0.0
mttB	615	C	0	58	0	1155	0	0	10	0	1213	10	1155	58	1213	0.9521846661170650	0.0	0.0
mttB	621	C	0	112	0	1081	0	0	7	0	1193	7	1081	112	1193	0.9061190276613580	0.0	0.0
mttB	625	C	0	83	0	1122	0	0	7	0	1205	7	1122	83	1205	0.9311203319502080	0.0	0.0
mttB	627	C	0	235	0	977	0	0	7	0	1212	7	977	235	1212	0.8061056105610560	0.0	0.0
mttB	630	C	0	390	0	803	0	0	6	0	1193	6	803	390	1193	0.6730930427493710	0.0	0.0
mttB	633	C	0	268	0	934	0	0	6	0	1202	6	934	268	1202	0.7770382695507490	0.0	0.0
mttB	658	C	0	100	0	1084	0	0	10	0	1184	10	1084	100	1184	0.9155405405405410	0.0	0.0
mttB	664	C	0	277	0	898	0	0	9	0	1175	9	898	277	1175	0.7642553191489360	0.0	0.0
mttB	665	C	0	115	0	1025	0	0	9	0	1140	9	1025	115	1140	0.8991228070175440	0.0	0.0
mttB	670	C	0	94	0	1071	0	0	8	0	1165	8	1071	94	1165	0.91931330472103	0.0	0.0
mttB	675	T	0	1058	0	105	7	0	0	0	1163	7	1058	105	1163	0.9097162510748070	0.0	0.0
mttB	682	C	0	189	0	981	0	0	8	0	1170	8	981	189	1170	0.8384615384615390	0.0	0.0
mttB	700	C	0	99	0	1149	0	0	7	0	1248	7	1149	99	1248	0.9206730769230770	0.0	0.0
mttB	718	C	0	334	0	889	0	0	10	0	1223	10	889	334	1223	0.7269010629599350	0.0	0.0
mttB	719	C	0	264	0	976	0	0	10	0	1240	10	976	264	1240	0.7870967741935480	0.0	0.0
mttB	730	C	0	376	0	807	0	0	8	0	1183	8	807	376	1183	0.6821639898562980	0.0	0.0
mttB	732	C	0	293	0	912	0	0	7	0	1205	7	912	293	1205	0.7568464730290460	0.0	0.0
mttB	735	C	0	555	0	632	0	0	7	0	1187	7	632	555	1187	0.5324347093513060	0.0	0.0
mttB	738	T	0	650	0	431	5	0	0	0	1081	5	650	431	1081	0.6012950971322850	0.0	0.0
mttB	744	T	0	642	0	441	6	0	0	0	1083	6	642	441	1083	0.592797783933518	0.0	0.0
mttB	745	T	0	968	0	143	4	0	0	0	1111	4	968	143	1111	0.8712871287128710	0.0	0.0
mttB	766	C	0	75	0	1116	0	0	6	0	1191	6	1116	75	1191	0.9370277078085640	0.0	0.0
mttB	772	C	0	91	0	1136	0	0	6	0	1227	6	1136	91	1227	0.9258353708231460	0.0	0.0
mttB	807	T	0	1025	0	211	5	0	0	0	1236	5	1025	211	1236	0.8292880258899680	0.0	0.0
mttB	825	C	0	163	0	1082	0	0	5	0	1245	5	1082	163	1245	0.8690763052208840	0.0	0.0
mttB	835	C	0	294	0	980	0	0	5	0	1274	5	980	294	1274	0.7692307692307690	0.0	0.0
mttB	836	C	0	671	0	616	0	0	5	0	1287	5	616	671	1287	0.47863247863247900	0.0	0.0
mttB	851	C	0	1078	0	201	0	0	5	0	1279	5	201	1078	1279	0.15715402658326800	4.89865682339524e-46	1.80244468933214e-44
mttB	855	T	0	978	0	268	5	0	0	0	1246	5	978	268	1246	0.7849117174959870	0.0	0.0
mttB	856	T	0	725	0	529	5	0	0	0	1254	5	725	529	1254	0.5781499202551830	0.0	0.0
mttB	858	T	0	790	0	477	5	0	0	0	1267	5	790	477	1267	0.6235201262825570	0.0	0.0
mttB	873	T	0	895	0	306	8	0	0	0	1201	8	895	306	1201	0.7452123230641130	0.0	0.0
mttB	885	C	0	341	0	696	0	0	8	0	1037	8	696	341	1037	0.6711668273866920	0.0	0.0
mttB	892	C	0	249	0	782	0	0	8	0	1031	8	782	249	1031	0.7584869059165860	0.0	0.0
mttB	894	T	0	874	0	157	9	0	0	0	1031	9	874	157	1031	0.8477206595538310	0.0	0.0
mttB	903	C	0	907	0	135	0	0	10	0	1042	10	135	907	1042	0.1295585412667950	2.4091976685352e-23	8.68113142802548e-22
mttB	908	C	0	510	0	515	0	0	9	0	1025	9	515	510	1025	0.5024390243902440	0.0	0.0
mttB	920	C	0	826	0	66	0	0	8	0	892	8	66	826	892	0.07399103139013450	0.0012137176270547700	0.041529777600316600
mttB	940	C	0	78	0	632	0	0	4	0	710	4	632	78	710	0.8901408450704230	0.0	0.0
mttB	1007	T	0	18	0	83	3	0	0	0	101	3	18	83	101	0.1782178217821780	2.604019406668e-06	9.0297472949316e-05
nad1	278	C	0	1463	0	5490	0	0	8	0	6953	8	5490	1463	6953	0.7895872285344460	0.0	0.0
nad1	291	C	0	5986	0	1294	0	0	3	0	7280	3	1294	5986	7280	0.17774725274725300	0.0	0.0
nad1	295	C	0	267	0	7139	0	0	3	0	7406	3	7139	267	7406	0.9639481501485280	0.0	0.0
nad1	301	C	0	4557	0	2877	0	0	3	0	7434	3	2877	4557	7434	0.3870056497175140	0.0	0.0
nad1	324	C	0	375	0	6764	0	0	3	0	7139	3	6764	375	7139	0.9474716346827290	0.0	0.0
nad1	328	T	0	7026	0	135	3	0	0	0	7161	3	7026	135	7161	0.9811478843736910	0.0	0.0
nad1	329	T	0	6698	0	384	3	0	0	0	7082	3	6698	384	7082	0.9457780288054220	0.0	0.0
nad1	338	C	0	689	0	6250	0	0	3	0	6939	3	6250	689	6939	0.9007061536244420	0.0	0.0
nad1	347	T	0	6734	0	227	3	0	0	0	6961	3	6734	227	6961	0.9673897428530380	0.0	0.0
nad1	353	C	0	90	0	6949	0	0	3	0	7039	3	6949	90	7039	0.9872140929109250	0.0	0.0
nad1	359	C	0	119	0	6913	0	0	3	0	7032	3	6913	119	7032	0.9830773606370880	0.0	0.0
nad1	384	C	0	274	0	5443	0	0	0	0	5717	0	5443	274	5717	0.9520727654364180	0.0	0.0
nad1	388	T	0	5491	0	256	0	0	0	0	5747	0	5491	256	5747	0.9554550200104400	0.0	0.0
nad1	394	T	0	5264	0	471	0	0	0	0	5735	0	5264	471	5735	0.9178727114210990	0.0	0.0
nad1	404	T	0	4990	0	239	0	0	0	0	5229	0	4990	239	5229	0.9542933639319180	0.0	0.0
nad1	419	C	0	233	0	3827	0	0	1	0	4060	1	3827	233	4060	0.9426108374384240	0.0	0.0
nad1	422	C	0	134	0	4044	0	0	1	0	4178	1	4044	134	4178	0.9679272379128770	0.0	0.0
nad1	433	T	0	3487	0	475	1	0	0	0	3962	1	3487	475	3962	0.8801110550227160	0.0	0.0
nad1	437	T	0	3682	0	295	1	0	0	0	3977	1	3682	295	3977	0.925823485038974	0.0	0.0
nad1	458	C	0	109	0	2834	0	0	1	0	2943	1	2834	109	2943	0.9629629629629630	0.0	0.0
nad1	478	C	0	137	0	2491	0	0	1	0	2628	1	2491	137	2628	0.947869101978691	0.0	0.0
nad1	479	C	0	163	0	2461	0	0	1	0	2624	1	2461	163	2624	0.9378810975609760	0.0	0.0
nad1	484	C	0	125	0	2460	0	0	1	0	2585	1	2460	125	2585	0.9516441005802710	0.0	0.0
nad1	506	C	0	122	0	1754	0	0	2	0	1876	2	1754	122	1876	0.9349680170575690	0.0	0.0
nad1	515	T	0	1605	0	122	2	0	0	0	1727	2	1605	122	1727	0.9293572669368850	0.0	0.0
nad1	518	T	0	1455	0	164	2	0	0	0	1619	2	1455	164	1619	0.8987029030265600	0.0	0.0
nad1	530	C	0	208	0	1347	0	0	2	0	1555	2	1347	208	1555	0.8662379421221870	0.0	0.0
nad1	533	C	0	52	0	1500	0	0	2	0	1552	2	1500	52	1552	0.9664948453608250	0.0	0.0
nad1	1329	C	0	59	0	341	0	0	0	0	400	0	341	59	400	0.8525	0.0	0.0
nad1	1383	C	0	415	0	1348	0	0	0	0	1763	0	1348	415	1763	0.7646057855927400	0.0	0.0
nad1	1393	C	0	370	0	1511	0	0	0	0	1881	0	1511	370	1881	0.8032961190855930	0.0	0.0
nad1	1396	T	0	1608	0	300	0	0	0	0	1908	0	1608	300	1908	0.8427672955974840	0.0	0.0
nad1	1399	C	0	99	0	1847	0	0	0	0	1946	0	1847	99	1946	0.9491264131551900	0.0	0.0
nad1	1420	C	0	72	0	2270	0	0	0	0	2342	0	2270	72	2342	0.9692570452604610	0.0	0.0
nad1	1426	C	0	141	0	2139	0	0	0	0	2280	0	2139	141	2280	0.9381578947368420	0.0	0.0
nad1	1438	C	0	136	0	2133	0	0	0	0	2269	0	2133	136	2269	0.9400617011899520	0.0	0.0
nad1	1440	T	0	2167	0	145	0	0	0	0	2312	0	2167	145	2312	0.9372837370242210	0.0	0.0
nad1	1442	C	0	1948	0	377	0	0	0	0	2325	0	377	1948	2325	0.1621505376344090	1.37708977721284e-88	5.25024489930047e-87
nad1	1465	C	0	123	0	2170	0	0	0	0	2293	0	2170	123	2293	0.946358482337549	0.0	0.0
nad1	1486	C	0	130	0	1896	0	0	0	0	2026	0	1896	130	2026	0.9358341559723590	0.0	0.0
nad1	1489	T	0	1805	0	168	0	0	0	0	1973	0	1805	168	1973	0.9148504815002530	0.0	0.0
nad1	1494	C	0	152	0	1724	0	0	1	0	1876	1	1724	152	1876	0.9189765458422170	0.0	0.0
nad1	3001	C	0	1784	0	145	0	0	1	0	1929	1	145	1784	1929	0.0751684810782789	1.2695638642255e-06	4.41191343393452e-05
nad1	3015	C	0	42	0	1935	0	0	2	0	1977	2	1935	42	1977	0.9787556904400610	0.0	0.0
nad1	3021	T	0	1746	0	143	4	0	0	0	1889	4	1746	143	1889	0.9242985706723130	0.0	0.0
nad1	3024	C	0	47	0	1867	0	0	4	0	1914	4	1867	47	1914	0.9754440961337510	0.0	0.0
nad1	3026	T	0	1699	0	242	5	0	0	0	1941	5	1699	242	1941	0.8753219989696030	0.0	0.0
nad1	3030	T	0	1778	0	170	5	0	0	0	1948	5	1778	170	1948	0.9127310061601640	0.0	0.0
nad1	3034	C	0	184	0	1750	0	0	5	0	1934	5	1750	184	1934	0.9048603929679420	0.0	0.0
nad1	3036	T	0	1730	0	151	5	0	0	0	1881	5	1730	151	1881	0.9197235513024990	0.0	0.0
nad1	3038	T	0	1405	0	389	5	0	0	0	1794	5	1405	389	1794	0.7831661092530660	0.0	0.0
nad1	3048	T	0	1735	0	117	5	0	0	0	1852	5	1735	117	1852	0.9368250539956800	0.0	0.0
nad1	3052	C	0	1649	0	259	0	0	4	0	1908	4	259	1649	1908	0.13574423480083900	1.00740440713783e-46	3.70841488145931e-45
nad1	3069	C	0	46	0	1558	0	0	3	0	1604	3	1558	46	1604	0.9713216957605990	0.0	0.0
nad1	3102	T	0	1925	0	105	6	0	0	0	2030	6	1925	105	2030	0.9482758620689660	0.0	0.0
nad1	3131	T	0	2704	0	62	7	0	0	0	2766	7	2704	62	2766	0.9775849602313810	0.0	0.0
nad1	3149	C	0	55	0	3027	0	0	7	0	3082	7	3027	55	3082	0.982154445165477	0.0	0.0
nad1	3156	T	0	3064	0	98	7	0	0	0	3162	7	3064	98	3162	0.9690069576217580	0.0	0.0
nad1	3164	T	0	3108	0	46	7	0	0	0	3154	7	3108	46	3154	0.9854153455928980	0.0	0.0
nad1	3183	C	0	64	0	3132	0	0	4	0	3196	4	3132	64	3196	0.9799749687108890	0.0	0.0
nad1	3187	C	0	2933	0	272	0	0	4	0	3205	4	272	2933	3205	0.08486739469578780	7.85019712175985e-17	2.79101859674748e-15
nad1	3189	T	0	3035	0	178	4	0	0	0	3213	4	3035	178	3213	0.9446000622471210	0.0	0.0
nad1	3191	C	0	39	0	3165	0	0	4	0	3204	4	3165	39	3204	0.9878277153558050	0.0	0.0
nad1	3195	C	0	69	0	3153	0	0	4	0	3222	4	3153	69	3222	0.978584729981378	0.0	0.0
nad1	3198	T	0	3165	0	92	4	0	0	0	3257	4	3165	92	3257	0.9717531470678540	0.0	0.0
nad1	3219	C	0	115	0	2995	0	0	5	0	3110	5	2995	115	3110	0.9630225080385850	0.0	0.0
nad1	3228	T	0	2951	0	87	5	0	0	0	3038	5	2951	87	3038	0.9713627386438450	0.0	0.0
nad1	3234	T	0	2929	0	91	5	0	0	0	3020	5	2929	91	3020	0.9698675496688740	0.0	0.0
nad1	3240	T	0	2964	0	104	5	0	0	0	3068	5	2964	104	3068	0.9661016949152540	0.0	0.0
nad1	3246	C	0	125	0	2915	0	0	4	0	3040	4	2915	125	3040	0.9588815789473690	0.0	0.0
nad1	3252	T	0	2891	0	118	3	0	0	0	3009	3	2891	118	3009	0.9607843137254900	0.0	0.0
nad1	3264	C	0	70	0	2942	0	0	3	0	3012	3	2942	70	3012	0.9767596281540510	0.0	0.0
nad1	3272	C	0	167	0	2617	0	0	2	0	2784	2	2617	167	2784	0.9400143678160920	0.0	0.0
nad1	3273	T	0	2675	0	187	2	0	0	0	2862	2	2675	187	2862	0.9346610761705100	0.0	0.0
nad1	3276	T	0	2610	0	166	2	0	0	0	2776	2	2610	166	2776	0.9402017291066280	0.0	0.0
nad1	3291	C	0	80	0	2404	0	0	2	0	2484	2	2404	80	2484	0.9677938808373590	0.0	0.0
nad1	3292	C	0	43	0	2456	0	0	2	0	2499	2	2456	43	2499	0.9827931172468990	0.0	0.0
nad1	3294	C	0	41	0	2395	0	0	2	0	2436	2	2395	41	2436	0.9831691297208540	0.0	0.0
nad1	3296	C	0	53	0	2460	0	0	2	0	2513	2	2460	53	2513	0.9789096697174690	0.0	0.0
nad1	3300	C	0	76	0	2312	0	0	2	0	2388	2	2312	76	2388	0.9681742043551090	0.0	0.0
nad1	3318	C	0	82	0	2021	0	0	2	0	2103	2	2021	82	2103	0.9610080836899670	0.0	0.0
nad1	3719	G	0	0	221	0	0	3	0	4	221	7	4	3	7	0.5714285714285710	0.00019357812500000000	0.006649225972877350
nad1	4802	C	0	210	0	2402	0	0	8	0	2612	8	2402	210	2612	0.9196018376722820	0.0	0.0
nad1	4805	C	0	247	0	2430	0	0	8	0	2677	8	2430	247	2677	0.9077325364213670	0.0	0.0
nad1	4810	C	0	130	0	2578	0	0	8	0	2708	8	2578	130	2708	0.9519940915805020	0.0	0.0
nad1	4811	C	0	98	0	2653	0	0	8	0	2751	8	2653	98	2751	0.9643765903307890	0.0	0.0
nad1	4823	C	0	203	0	3003	0	0	7	0	3206	7	3003	203	3206	0.9366812227074240	0.0	0.0
nad1	4825	T	0	2996	0	261	7	0	0	0	3257	7	2996	261	3257	0.9198649063555420	0.0	0.0
nad1	4897	C	0	3494	0	328	0	0	7	0	3822	7	328	3494	3822	0.08581894296180010	1.20837661879374e-20	4.32113321065251e-19
nad1	4898	C	0	105	0	3767	0	0	7	0	3872	7	3767	105	3872	0.9728822314049590	0.0	0.0
nad1	4902	C	0	3284	0	567	0	0	7	0	3851	7	567	3284	3851	0.14723448454946800	2.95422754907493e-114	1.14762141191076e-112
nad1	4918	T	0	4024	0	140	7	0	0	0	4164	7	4024	140	4164	0.9663784822286260	0.0	0.0
nad1	4931	T	0	4233	0	187	7	0	0	0	4420	7	4233	187	4420	0.9576923076923080	0.0	0.0
nad1	4933	T	0	4234	0	259	7	0	0	0	4493	7	4234	259	4493	0.9423547740930340	0.0	0.0
nad1	4936	C	0	102	0	4430	0	0	7	0	4532	7	4430	102	4532	0.9774933804060020	0.0	0.0
nad1	4939	T	0	4447	0	131	7	0	0	0	4578	7	4447	131	4578	0.9713848842289210	0.0	0.0
nad1	4948	T	0	4524	0	190	7	0	0	0	4714	7	4524	190	4714	0.9596945269410270	0.0	0.0
nad1	4952	C	0	256	0	4497	0	0	7	0	4753	7	4497	256	4753	0.9461392804544500	0.0	0.0
nad1	4966	C	0	85	0	4832	0	0	7	0	4917	7	4832	85	4917	0.9827130364043120	0.0	0.0
nad1	4979	C	0	142	0	5165	0	0	4	0	5307	4	5165	142	5307	0.9732428867533450	0.0	0.0
nad1	4996	C	0	97	0	4971	0	0	5	0	5068	5	4971	97	5068	0.9808602999210730	0.0	0.0
nad1	5006	C	0	49	0	4704	0	0	7	0	4753	7	4704	49	4753	0.9896907216494850	0.0	0.0
nad1	5012	T	0	4621	0	104	7	0	0	0	4725	7	4621	104	4725	0.977989417989418	0.0	0.0
nad1	5021	C	0	94	0	3982	0	0	6	0	4076	6	3982	94	4076	0.9769381746810600	0.0	0.0
nad1	5044	C	0	88	0	4038	0	0	7	0	4126	7	4038	88	4126	0.9786718371303930	0.0	0.0
nad1	5146	C	0	779	0	91	0	0	3	0	870	3	91	779	870	0.10459770114942500	5.65267806706403e-11	1.99028931221083e-09
nad2	156	C	0	245	0	1111	0	0	0	0	1356	0	1111	245	1356	0.8193215339233040	0.0	0.0
nad2	183	C	0	260	0	1452	0	0	0	0	1712	0	1452	260	1712	0.8481308411214950	0.0	0.0
nad2	198	T	0	1601	0	205	0	0	0	0	1806	0	1601	205	1806	0.8864894795127350	0.0	0.0
nad2	210	C	0	171	0	1722	0	0	0	0	1893	0	1722	171	1893	0.9096671949286850	0.0	0.0
nad2	234	C	0	281	0	1665	0	0	0	0	1946	0	1665	281	1946	0.855601233299075	0.0	0.0
nad2	235	C	0	423	0	1511	0	0	0	0	1934	0	1511	423	1934	0.781282316442606	0.0	0.0
nad2	239	C	0	365	0	1580	0	0	0	0	1945	0	1580	365	1945	0.8123393316195370	0.0	0.0
nad2	266	T	0	1414	0	482	3	0	0	0	1896	3	1414	482	1896	0.7457805907173000	0.0	0.0
nad2	279	T	0	1685	0	362	3	0	0	0	2047	3	1685	362	2047	0.8231558378114310	0.0	0.0
nad2	284	C	0	748	0	1324	0	0	3	0	2072	3	1324	748	2072	0.638996138996139	0.0	0.0
nad2	315	C	0	359	0	1527	0	0	3	0	1886	3	1527	359	1886	0.8096500530222690	0.0	0.0
nad2	1798	C	0	322	0	1696	0	0	2	0	2018	2	1696	322	2018	0.8404360753221010	0.0	0.0
nad2	1837	C	0	187	0	2281	0	0	2	0	2468	2	2281	187	2468	0.9242301458670990	0.0	0.0
nad2	1864	C	0	268	0	2735	0	0	2	0	3003	2	2735	268	3003	0.9107559107559110	0.0	0.0
nad2	1875	C	0	225	0	2880	0	0	3	0	3105	3	2880	225	3105	0.927536231884058	0.0	0.0
nad2	1877	C	0	1137	0	2048	0	0	3	0	3185	3	2048	1137	3185	0.6430141287284150	0.0	0.0
nad2	1888	C	0	251	0	3160	0	0	2	0	3411	2	3160	251	3411	0.9264145411902670	0.0	0.0
nad2	1918	C	0	222	0	3709	0	0	4	0	3931	4	3709	222	3931	0.9435258204019330	0.0	0.0
nad2	1957	C	0	243	0	4639	0	0	5	0	4882	5	4639	243	4882	0.9502253174928310	0.0	0.0
nad2	1975	C	0	297	0	4725	0	0	4	0	5022	4	4725	297	5022	0.9408602150537640	0.0	0.0
nad2	1981	C	0	249	0	4839	0	0	6	0	5088	6	4839	249	5088	0.9510613207547170	0.0	0.0
nad2	1989	C	0	300	0	4566	0	0	6	0	4866	6	4566	300	4866	0.938347718865598	0.0	0.0
nad2	1999	C	0	276	0	4719	0	0	6	0	4995	6	4719	276	4995	0.9447447447447450	0.0	0.0
nad2	2003	C	0	4221	0	845	0	0	6	0	5066	6	845	4221	5066	0.1667982629293330	4.6987329624353e-204	1.88660605391976e-202
nad2	2023	C	0	342	0	4550	0	0	5	0	4892	5	4550	342	4892	0.9300899427636960	0.0	0.0
nad2	2050	C	0	191	0	4010	0	0	5	0	4201	5	4010	191	4201	0.9545346346108070	0.0	0.0
nad2	2052	T	0	3571	0	608	5	0	0	0	4179	5	3571	608	4179	0.8545106484804980	0.0	0.0
nad2	2059	C	0	275	0	4015	0	0	4	0	4290	4	4015	275	4290	0.9358974358974360	0.0	0.0
nad2	2067	C	0	289	0	4124	0	0	4	0	4413	4	4124	289	4413	0.9345116700657150	0.0	0.0
nad2	2104	T	0	4585	0	191	7	0	0	0	4776	7	4585	191	4776	0.9600083752093800	0.0	0.0
nad2	2107	T	0	3143	0	1667	6	0	0	0	4810	6	3143	1667	4810	0.6534303534303530	0.0	0.0
nad2	2128	C	0	124	0	4072	0	0	6	0	4196	6	4072	124	4196	0.9704480457578650	0.0	0.0
nad2	2134	C	0	261	0	4044	0	0	6	0	4305	6	4044	261	4305	0.9393728222996520	0.0	0.0
nad2	3864	C	0	96	0	143	0	0	21	0	239	21	143	96	239	0.5983263598326360	2.99579672061587e-120	1.16659848767512e-118
nad2	3890	C	0	195	0	78	0	0	22	0	273	22	78	195	273	0.2857142857142860	7.86532472556156e-37	2.8821054033254e-35
nad2	4005	C	0	191	0	3872	0	0	18	0	4063	18	3872	191	4063	0.9529904011813930	0.0	0.0
nad2	4014	C	0	260	0	3083	0	0	13	0	3343	13	3083	260	3343	0.9222255459168410	0.0	0.0
nad2	4077	C	0	106	0	3199	0	0	15	0	3305	15	3199	106	3305	0.967927382753404	0.0	0.0
nad2	4101	C	0	117	0	3544	0	0	11	0	3661	11	3544	117	3661	0.9680415187107350	0.0	0.0
nad2	4102	C	0	881	0	2767	0	0	11	0	3648	11	2767	881	3648	0.7584978070175440	0.0	0.0
nad2	4118	T	0	3385	0	258	10	0	0	0	3643	10	3385	258	3643	0.9291792478726320	0.0	0.0
nad2	4555	C	0	47	0	667	0	0	3	0	714	3	667	47	714	0.9341736694677870	0.0	0.0
nad2	5193	C	0	536	0	84	0	0	21	0	620	21	84	536	620	0.13548387096774200	2.67971802895298e-16	9.51888131065152e-15
nad2	5278	C	0	49	0	538	0	0	16	0	587	16	538	49	587	0.9165247018739350	0.0	0.0
nad2	5282	C	0	69	0	485	0	0	17	0	554	17	485	69	554	0.8754512635379060	0.0	0.0
nad2	5317	T	0	3907	0	214	14	0	0	0	4121	14	3907	214	4121	0.9480708565882070	0.0	0.0
nad2	5343	C	0	219	0	3728	0	0	13	0	3947	13	3728	219	3947	0.9445148213833290	0.0	0.0
nad2	5367	C	0	237	0	2629	0	0	11	0	2866	11	2629	237	2866	0.9173063503140270	0.0	0.0
nad2	5368	C	0	145	0	2717	0	0	10	0	2862	10	2717	145	2862	0.9493361285814120	0.0	0.0
nad2	5382	T	0	2220	0	138	11	0	0	0	2358	11	2220	138	2358	0.9414758269720100	0.0	0.0
nad2	5389	C	0	175	0	2265	0	0	8	0	2440	8	2265	175	2440	0.9282786885245900	0.0	0.0
nad2	5392	C	0	188	0	2220	0	0	8	0	2408	8	2220	188	2408	0.9219269102990030	0.0	0.0
nad2	5393	C	0	1473	0	925	0	0	6	0	2398	6	925	1473	2398	0.38573811509591300	0.0	0.0
nad2	5403	C	0	84	0	2403	0	0	8	0	2487	8	2403	84	2487	0.9662243667068760	0.0	0.0
nad2	5405	C	0	2052	0	382	0	0	9	0	2434	9	382	2052	2434	0.15694330320460100	1.42570360841408e-85	5.42525940338168e-84
nad2	5410	T	0	2232	0	166	10	0	0	0	2398	10	2232	166	2398	0.9307756463719770	0.0	0.0
nad2	5418	T	0	2319	0	191	11	0	0	0	2510	11	2319	191	2510	0.9239043824701200	0.0	0.0
nad2	5430	C	0	174	0	2422	0	0	13	0	2596	13	2422	174	2596	0.9329738058551620	0.0	0.0
nad2	5449	T	0	2212	0	49	20	0	0	0	2261	20	2212	49	2261	0.978328173374613	0.0	0.0
nad2	5481	T	0	1791	0	55	19	0	0	0	1846	19	1791	55	1846	0.9702058504875410	0.0	0.0
nad2	5503	C	0	29	0	1911	0	0	21	0	1940	21	1911	29	1940	0.9850515463917530	0.0	0.0
nad2	5539	C	0	33	0	2120	0	0	38	0	2153	38	2120	33	2153	0.9846725499303300	0.0	0.0
nad2	5543	C	0	1101	0	1021	0	0	37	0	2122	37	1021	1101	2122	0.48114985862394000	0.0	0.0
nad2	5553	C	0	53	0	1943	0	0	33	0	1996	33	1943	53	1996	0.9734468937875750	0.0	0.0
nad2	5560	T	0	1944	0	93	33	0	0	0	2037	33	1944	93	2037	0.9543446244477170	0.0	0.0
nad2	5563	C	0	93	0	1975	0	0	33	0	2068	33	1975	93	2068	0.9550290135396520	0.0	0.0
nad2	5574	T	0	2112	0	118	33	0	0	0	2230	33	2112	118	2230	0.947085201793722	0.0	0.0
nad2	5581	C	0	46	0	2041	0	0	30	0	2087	30	2041	46	2087	0.9779587925251560	0.0	0.0
nad2	5596	C	0	403	0	1429	0	0	33	0	1832	33	1429	403	1832	0.7800218340611350	0.0	0.0
nad2	5601	C	0	38	0	1866	0	0	31	0	1904	31	1866	38	1904	0.9800420168067230	0.0	0.0
nad2	5608	C	0	40	0	1939	0	0	31	0	1979	31	1939	40	1979	0.9797877716018190	0.0	0.0
nad2	5614	T	0	1896	0	92	32	0	0	0	1988	32	1896	92	1988	0.9537223340040240	0.0	0.0
nad2	5649	T	0	2626	0	197	36	0	0	0	2823	36	2626	197	2823	0.9302160821820760	0.0	0.0
nad2	5654	C	0	199	0	2692	0	0	33	0	2891	33	2692	199	2891	0.9311656866136290	0.0	0.0
nad2	5677	C	0	208	0	2960	0	0	27	0	3168	27	2960	208	3168	0.9343434343434340	0.0	0.0
nad2	5701	T	0	3920	0	90	18	0	0	0	4010	18	3920	90	4010	0.9775561097256860	0.0	0.0
nad2	5719	C	0	70	0	3963	0	0	11	0	4033	11	3963	70	4033	0.982643193652368	0.0	0.0
nad2	5736	C	0	63	0	4022	0	0	13	0	4085	13	4022	63	4085	0.9845777233782130	0.0	0.0
nad2	5737	T	0	3977	0	96	13	0	0	0	4073	13	3977	96	4073	0.9764301497667570	0.0	0.0
nad2	5752	T	0	4037	0	124	14	0	0	0	4161	14	4037	124	4161	0.9701994712809420	0.0	0.0
nad2	5769	C	0	78	0	3705	0	0	11	0	3783	11	3705	78	3783	0.979381443298969	0.0	0.0
nad2	5781	C	0	21	0	3827	0	0	10	0	3848	10	3827	21	3848	0.9945426195426200	0.0	0.0
nad2	5856	C	0	9	0	2748	0	0	4	0	2757	4	2748	9	2757	0.9967355821545160	0.0	0.0
nad2	7379	C	0	3288	0	291	0	0	64	0	3579	64	291	3288	3579	0.08130762782900250	1.5064348989666e-15	5.33738365156606e-14
nad2	7453	C	0	51	0	2932	0	0	63	0	2983	63	2932	51	2983	0.9829031176667780	0.0	0.0
nad2	7456	C	0	64	0	2901	0	0	68	0	2965	68	2901	64	2965	0.9784148397976390	0.0	0.0
nad2	7466	C	0	261	0	2664	0	0	67	0	2925	67	2664	261	2925	0.9107692307692310	0.0	0.0
nad2	7467	C	0	117	0	2798	0	0	66	0	2915	66	2798	117	2915	0.9598627787307030	0.0	0.0
nad2	7472	C	0	2221	0	613	0	0	60	0	2834	60	613	2221	2834	0.21630204657727600	1.11685573024217e-206	4.49333891028921e-205
nad2	7480	T	0	2307	0	152	55	0	0	0	2459	55	2307	152	2459	0.9381862545750310	0.0	0.0
nad2	7486	T	0	2108	0	312	59	0	0	0	2420	59	2108	312	2420	0.8710743801652890	0.0	0.0
nad2	7530	C	0	120	0	1432	0	0	74	0	1552	74	1432	120	1552	0.9226804123711340	0.0	0.0
nad3	104	T	0	2961	0	1339	1	0	0	0	4300	1	2961	1339	4300	0.6886046511627910	0.0	0.0
nad3	105	C	0	4047	0	272	0	0	1	0	4319	1	272	4047	4319	0.06297754109747630	8.98881914762188e-05	0.0030942088154826300
nad3	110	T	0	3819	0	576	1	0	0	0	4395	1	3819	576	4395	0.8689419795221840	0.0	0.0
nad3	130	T	0	4511	0	100	1	0	0	0	4611	1	4511	100	4611	0.9783127304272390	0.0	0.0
nad3	155	C	0	65	0	4673	0	0	1	0	4738	1	4673	65	4738	0.9862811312790210	0.0	0.0
nad3	160	C	0	155	0	4515	0	0	1	0	4670	1	4515	155	4670	0.9668094218415420	0.0	0.0
nad3	167	C	0	164	0	4155	0	0	0	0	4319	0	4155	164	4319	0.9620282472794630	0.0	0.0
nad3	179	T	0	3892	0	121	1	0	0	0	4013	1	3892	121	4013	0.9698479940194370	0.0	0.0
nad3	194	T	0	3916	0	288	1	0	0	0	4204	1	3916	288	4204	0.9314938154138920	0.0	0.0
nad3	229	C	0	154	0	3958	0	0	0	0	4112	0	3958	154	4112	0.9625486381322960	0.0	0.0
nad3	235	C	0	161	0	3945	0	0	0	0	4106	0	3945	161	4106	0.9607890891378470	0.0	0.0
nad3	242	C	0	242	0	3590	0	0	0	0	3832	0	3590	242	3832	0.9368475991649270	0.0	0.0
nad3	248	T	0	2903	0	644	0	0	0	0	3547	0	2903	644	3547	0.8184381167183540	0.0	0.0
nad3	250	C	0	253	0	3361	0	0	0	0	3614	0	3361	253	3614	0.929994465965689	0.0	0.0
nad3	260	T	0	3464	0	177	1	0	0	0	3641	1	3464	177	3641	0.9513869815984620	0.0	0.0
nad3	278	C	0	177	0	3356	0	0	1	0	3533	1	3356	177	3533	0.9499009340503820	0.0	0.0
nad3	280	T	0	2869	0	675	1	0	0	0	3544	1	2869	675	3544	0.8095372460496610	0.0	0.0
nad3	283	C	0	262	0	3364	0	0	1	0	3626	1	3364	262	3626	0.9277440706012130	0.0	0.0
nad3	284	C	0	232	0	3399	0	0	1	0	3631	1	3399	232	3631	0.9361057559900850	0.0	0.0
nad3	290	C	0	211	0	3454	0	0	1	0	3665	1	3454	211	3665	0.9424283765347890	0.0	0.0
nad3	299	C	0	353	0	2888	0	0	1	0	3241	1	2888	353	3241	0.8910829990743600	0.0	0.0
nad3	302	C	0	253	0	2923	0	0	1	0	3176	1	2923	253	3176	0.9203400503778340	0.0	0.0
nad3	306	T	0	353	0	2860	1	0	0	0	3213	1	353	2860	3213	0.1098661686896980	5.63250434493569e-42	2.06771247955105e-40
nad3	315	C	0	397	0	3000	0	0	1	0	3397	1	3000	397	3397	0.8831321754489260	0.0	0.0
nad3	320	C	0	74	0	3430	0	0	1	0	3504	1	3430	74	3504	0.9788812785388130	0.0	0.0
nad3	331	C	0	75	0	3687	0	0	1	0	3762	1	3687	75	3762	0.9800637958532700	0.0	0.0
nad3	335	C	0	151	0	3727	0	0	1	0	3878	1	3727	151	3878	0.9610624033006710	0.0	0.0
nad3	343	C	0	639	0	3052	0	0	1	0	3691	1	3052	639	3691	0.8268761853156330	0.0	0.0
nad3	356	C	0	473	0	3101	0	0	1	0	3574	1	3101	473	3574	0.8676552881925010	0.0	0.0
nad3	382	C	0	69	0	3609	0	0	4	0	3678	4	3609	69	3678	0.9812398042414360	0.0	0.0
nad3	403	C	0	565	0	3285	0	0	3	0	3850	3	3285	565	3850	0.8532467532467530	0.0	0.0
nad3	409	C	0	943	0	3116	0	0	3	0	4059	3	3116	943	4059	0.7676767676767680	0.0	0.0
nad3	410	C	0	913	0	3226	0	0	3	0	4139	3	3226	913	4139	0.7794153177095920	0.0	0.0
nad3	414	C	0	3647	0	490	0	0	3	0	4137	3	490	3647	4137	0.11844331641286000	2.53232174980444e-67	9.48312467521438e-66
nad3	422	C	0	1323	0	3064	0	0	3	0	4387	3	3064	1323	4387	0.6984271711876000	0.0	0.0
nad3	427	C	0	1513	0	3053	0	0	3	0	4566	3	3053	1513	4566	0.6686377573368380	0.0	0.0
nad3	464	C	0	3519	0	507	0	0	3	0	4026	3	507	3519	4026	0.12593144560357700	2.48147413009539e-78	9.40260363145226e-77
nad3	488	C	0	2929	0	293	0	0	2	0	3222	2	293	2929	3222	0.0909373060211049	4.23371963217968e-22	1.51871656953362e-20
nad3	515	C	0	2417	0	332	0	0	0	0	2749	0	332	2417	2749	0.12077118952346300	4.85834788659623e-48	1.78925693063049e-46
nad4	866	C	0	208	0	1696	0	0	4	0	1904	4	1696	208	1904	0.8907563025210090	0.0	0.0
nad4	867	C	0	658	0	1248	0	0	4	0	1906	4	1248	658	1906	0.6547743966421830	0.0	0.0
nad4	873	C	0	543	0	1382	0	0	4	0	1925	4	1382	543	1925	0.717922077922078	0.0	0.0
nad4	884	C	0	135	0	1762	0	0	4	0	1897	4	1762	135	1897	0.9288350026357410	0.0	0.0
nad4	892	T	0	1810	0	93	2	0	0	0	1903	2	1810	93	1903	0.9511297950604310	0.0	0.0
nad4	895	C	0	1523	0	379	0	0	2	0	1902	2	379	1523	1902	0.19926393270241900	8.85929599532685e-117	3.44488994086248e-115
nad4	896	C	0	55	0	1836	0	0	2	0	1891	2	1836	55	1891	0.9709148598625070	0.0	0.0
nad4	913	T	0	1755	0	89	2	0	0	0	1844	2	1755	89	1844	0.9517353579175710	0.0	0.0
nad4	914	C	0	73	0	1773	0	0	2	0	1846	2	1773	73	1846	0.9604550379198270	0.0	0.0
nad4	917	C	0	54	0	1817	0	0	1	0	1871	1	1817	54	1871	0.9711384286477820	0.0	0.0
nad4	926	T	0	1611	0	221	1	0	0	0	1832	1	1611	221	1832	0.8793668122270740	0.0	0.0
nad4	932	T	0	1635	0	190	1	0	0	0	1825	1	1635	190	1825	0.8958904109589040	0.0	0.0
nad4	940	T	0	1508	0	233	0	0	0	0	1741	0	1508	233	1741	0.8661688684663990	0.0	0.0
nad4	949	T	0	1150	0	191	0	0	0	0	1341	0	1150	191	1341	0.8575689783743480	0.0	0.0
nad4	954	C	0	1036	0	236	0	0	0	0	1272	0	236	1036	1272	0.18553459119496900	2.74441332878328e-67	1.02725699281401e-65
nad4	971	T	0	252	0	23	0	0	0	0	275	0	252	23	275	0.9163636363636360	8.15469215215484e-296	3.35149897779326e-294
nad4	980	T	0	95	0	7	0	0	0	0	102	0	95	7	102	0.9313725490196080	3.26798327908449e-114	1.26888994969087e-112
nad4	986	C	0	4	0	52	0	0	0	0	56	0	52	4	56	0.9285714285714290	6.66914975674946e-63	2.48586428020077e-61
nad4	992	T	0	111	0	9	0	0	0	0	120	0	111	9	120	0.925	2.5492525088281e-132	9.96584794837231e-131
nad4	995	C	0	13	0	127	0	0	0	0	140	0	127	13	140	0.9071428571428570	2.17672525711766e-148	8.55964882403725e-147
nad4	1003	C	0	26	0	166	0	0	0	0	192	0	166	26	192	0.8645833333333330	2.7770983784193e-185	1.10837635430066e-183
nad4	1007	C	0	44	0	173	0	0	0	0	217	0	173	44	217	0.7972350230414750	1.96272877957547e-180	7.81792643965959e-179
nad4	1009	T	0	190	0	56	1	0	0	0	246	1	190	56	246	0.7723577235772360	4.50935116232248e-193	1.80513766518918e-191
nad4	1013	C	0	43	0	283	0	0	1	0	326	1	283	43	326	0.8680981595092020	7.62721336e-316	3.1639308354e-314
nad4	1036	T	0	654	0	70	2	0	0	0	724	2	654	70	724	0.9033149171270720	0.0	0.0
nad4	1043	C	0	87	0	750	0	0	2	0	837	2	750	87	837	0.8960573476702510	0.0	0.0
nad4	1054	T	0	975	0	123	3	0	0	0	1098	3	975	123	1098	0.8879781420765030	0.0	0.0
nad4	1103	C	0	96	0	1536	0	0	3	0	1632	3	1536	96	1632	0.9411764705882350	0.0	0.0
nad4	1105	C	0	106	0	1529	0	0	5	0	1635	5	1529	106	1635	0.9351681957186540	0.0	0.0
nad4	1106	T	0	1577	0	88	5	0	0	0	1665	5	1577	88	1665	0.9471471471471470	0.0	0.0
nad4	1112	C	0	123	0	1572	0	0	5	0	1695	5	1572	123	1695	0.9274336283185840	0.0	0.0
nad4	1118	C	0	154	0	1548	0	0	5	0	1702	5	1548	154	1702	0.9095182138660400	0.0	0.0
nad4	1124	C	0	134	0	1606	0	0	5	0	1740	5	1606	134	1740	0.9229885057471260	0.0	0.0
nad4	1128	C	0	1428	0	243	0	0	5	0	1671	5	243	1428	1671	0.14542190305206500	3.80226897671086e-49	1.40096296951469e-47
nad4	1130	T	0	1489	0	204	5	0	0	0	1693	5	1489	204	1693	0.8795038393384520	0.0	0.0
nad4	1133	C	0	157	0	1549	0	0	5	0	1706	5	1549	157	1706	0.9079718640093790	0.0	0.0
nad4	1136	C	0	162	0	1574	0	0	5	0	1736	5	1574	162	1736	0.9066820276497700	0.0	0.0
nad4	1141	T	0	1426	0	296	5	0	0	0	1722	5	1426	296	1722	0.8281068524970960	0.0	0.0
nad4	1208	C	0	117	0	1057	0	0	4	0	1174	4	1057	117	1174	0.9003407155025550	0.0	0.0
nad4	1226	C	0	89	0	1073	0	0	4	0	1162	4	1073	89	1162	0.923407917383821	0.0	0.0
nad4	1238	C	0	73	0	1152	0	0	1	0	1225	1	1152	73	1225	0.9404081632653060	0.0	0.0
nad4	1240	C	0	104	0	1137	0	0	1	0	1241	1	1137	104	1241	0.9161966156325540	0.0	0.0
nad4	1275	C	0	55	0	1280	0	0	2	0	1335	2	1280	55	1335	0.9588014981273410	0.0	0.0
nad4	1291	T	0	1403	0	58	2	0	0	0	1461	2	1403	58	1461	0.9603011635865850	0.0	0.0
nad4	1292	T	0	1419	0	68	2	0	0	0	1487	2	1419	68	1487	0.9542703429724280	0.0	0.0
nad4	1327	T	0	2342	0	217	6	0	0	0	2559	6	2342	217	2559	0.915201250488472	0.0	0.0
nad4	1339	T	0	2281	0	399	5	0	0	0	2680	5	2281	399	2680	0.8511194029850750	0.0	0.0
nad4	1348	C	0	107	0	2459	0	0	5	0	2566	5	2459	107	2566	0.9583008573655500	0.0	0.0
nad4	1351	T	0	2221	0	405	6	0	0	0	2626	6	2221	405	2626	0.8457730388423460	0.0	0.0
nad4	1357	C	0	116	0	2748	0	0	5	0	2864	5	2748	116	2864	0.9594972067039110	0.0	0.0
nad4	1430	T	0	3430	0	132	2	0	0	0	3562	2	3430	132	3562	0.9629421673217290	0.0	0.0
nad4	1460	C	0	116	0	3489	0	0	5	0	3605	5	3489	116	3605	0.9678224687933430	0.0	0.0
nad4	1468	T	0	4119	0	173	5	0	0	0	4292	5	4119	173	4292	0.9596924510717610	0.0	0.0
nad4	1474	T	0	3756	0	437	5	0	0	0	4193	5	3756	437	4193	0.8957786787502980	0.0	0.0
nad4	1491	C	0	73	0	4196	0	0	6	0	4269	6	4196	73	4269	0.9828999765753100	0.0	0.0
nad4	1551	C	0	4760	0	313	0	0	5	0	5073	5	313	4760	5073	0.06169919179972400	0.00011957389752363600	0.004114307705944290
nad4	1568	T	0	5054	0	163	5	0	0	0	5217	5	5054	163	5217	0.9687559900325860	0.0	0.0
nad4	1571	T	0	5035	0	171	5	0	0	0	5206	5	5035	171	5206	0.9671532846715330	0.0	0.0
nad4	1583	T	0	4839	0	233	5	0	0	0	5072	5	4839	233	5072	0.9540615141955840	0.0	0.0
nad4	1603	T	0	4253	0	135	5	0	0	0	4388	5	4253	135	4388	0.9692342752962630	0.0	0.0
nad4	1646	T	0	3374	0	113	4	0	0	0	3487	4	3374	113	3487	0.9675939202753080	0.0	0.0
nad4	1661	T	0	2435	0	110	1	0	0	0	2545	1	2435	110	2545	0.9567779960707270	0.0	0.0
nad4	1664	T	0	2328	0	190	1	0	0	0	2518	1	2328	190	2518	0.9245432883240670	0.0	0.0
nad4	1679	T	0	2170	0	195	1	0	0	0	2365	1	2170	195	2365	0.9175475687103590	0.0	0.0
nad4	1693	C	0	2187	0	162	0	0	1	0	2349	1	162	2187	2349	0.06896551724137930	3.60640793539333e-05	0.0012424967244768900
nad4	1720	C	0	99	0	2037	0	0	0	0	2136	0	2037	99	2136	0.9536516853932580	0.0	0.0
nad4	1721	T	0	2019	0	158	0	0	0	0	2177	0	2019	158	2177	0.9274230592558570	0.0	0.0
nad4	1738	T	0	1430	0	184	0	0	0	0	1614	0	1430	184	1614	0.885997521685254	0.0	0.0
nad4	1768	C	0	69	0	1767	0	0	0	0	1836	0	1767	69	1836	0.9624183006535950	0.0	0.0
nad4	1772	T	0	1736	0	174	0	0	0	0	1910	0	1736	174	1910	0.9089005235602100	0.0	0.0
nad4	1780	T	0	1774	0	138	0	0	0	0	1912	0	1774	138	1912	0.9278242677824270	0.0	0.0
nad4	1808	C	0	305	0	1852	0	0	1	0	2157	1	1852	305	2157	0.8585999072786280	0.0	0.0
nad4	1829	C	0	212	0	350	0	0	1	0	562	1	350	212	562	0.6227758007117440	1.64471291312067e-300	6.77351124764999e-299
nad4	2682	C	0	65	0	229	0	0	1	0	294	1	229	65	294	0.7789115646258500	6.65596094536159e-234	2.69542863319188e-232
nad4	3329	C	0	191	0	429	0	0	8	0	620	8	429	191	620	0.6919354838709680	0.0	0.0
nad4	3385	C	0	495	0	133	0	0	6	0	628	6	133	495	628	0.21178343949044600	2.73552348812257e-45	1.00606474952063e-43
nad4	3428	C	0	128	0	559	0	0	7	0	687	7	559	128	687	0.8136826783114990	0.0	0.0
nad4	3482	C	0	151	0	2281	0	0	3	0	2432	3	2281	151	2432	0.9379111842105260	0.0	0.0
nad4	3490	T	0	2336	0	157	3	0	0	0	2493	3	2336	157	2493	0.9370236662655440	0.0	0.0
nad4	3515	C	0	261	0	2552	0	0	3	0	2813	3	2552	261	2813	0.9072164948453610	0.0	0.0
nad4	3516	C	0	267	0	2574	0	0	3	0	2841	3	2574	267	2841	0.9060190073917630	0.0	0.0
nad4	3518	C	0	270	0	2585	0	0	3	0	2855	3	2585	270	2855	0.9054290718038530	0.0	0.0
nad4	3521	C	0	177	0	2717	0	0	3	0	2894	3	2717	177	2894	0.9388389771941950	0.0	0.0
nad4	3526	T	0	2655	0	282	3	0	0	0	2937	3	2655	282	2937	0.9039836567926460	0.0	0.0
nad4	3538	C	0	417	0	2622	0	0	2	0	3039	2	2622	417	3039	0.8627838104639690	0.0	0.0
nad4	3539	T	0	2792	0	352	2	0	0	0	3144	2	2792	352	3144	0.8880407124681930	0.0	0.0
nad4	3542	T	0	2758	0	408	2	0	0	0	3166	2	2758	408	3166	0.8711307643714470	0.0	0.0
nad4	3554	C	0	447	0	2785	0	0	5	0	3232	5	2785	447	3232	0.8616955445544550	0.0	0.0
nad4	3569	C	0	220	0	3102	0	0	5	0	3322	5	3102	220	3322	0.9337748344370860	0.0	0.0
nad4	3577	T	0	2968	0	252	10	0	0	0	3220	10	2968	252	3220	0.9217391304347830	0.0	0.0
nad4	3593	C	0	174	0	2929	0	0	11	0	3103	11	2929	174	3103	0.9439252336448600	0.0	0.0
nad4	3629	T	0	3486	0	182	11	0	0	0	3668	11	3486	182	3668	0.950381679389313	0.0	0.0
nad4	3638	T	0	3509	0	213	11	0	0	0	3722	11	3509	213	3722	0.9427727028479310	0.0	0.0
nad4	3642	C	0	181	0	3355	0	0	11	0	3536	11	3355	181	3536	0.9488122171945700	0.0	0.0
nad4	3647	C	0	231	0	3362	0	0	10	0	3593	10	3362	231	3593	0.9357083217367100	0.0	0.0
nad4	3652	C	0	240	0	3399	0	0	10	0	3639	10	3399	240	3639	0.9340478153338830	0.0	0.0
nad4	3656	C	0	250	0	3398	0	0	10	0	3648	10	3398	250	3648	0.9314692982456140	0.0	0.0
nad4	3661	C	0	210	0	3394	0	0	10	0	3604	10	3394	210	3604	0.94173140954495	0.0	0.0
nad4	3662	C	0	177	0	3442	0	0	10	0	3619	10	3442	177	3619	0.9510914617297600	0.0	0.0
nad4	3695	C	0	132	0	3131	0	0	15	0	3263	15	3131	132	3263	0.9595464296659520	0.0	0.0
nad4	3696	C	0	2219	0	1067	0	0	15	0	3286	15	1067	2219	3286	0.3247108947048080	0.0	0.0
nad4	3710	C	0	136	0	2940	0	0	15	0	3076	15	2940	136	3076	0.9557867360208060	0.0	0.0
nad4	3728	C	0	149	0	2516	0	0	14	0	2665	14	2516	149	2665	0.9440900562851780	0.0	0.0
nad4	3730	T	0	2493	0	190	14	0	0	0	2683	14	2493	190	2683	0.9291837495341040	0.0	0.0
nad4	3755	C	0	156	0	2637	0	0	14	0	2793	14	2637	156	2793	0.9441460794844250	0.0	0.0
nad4	3790	C	0	138	0	2513	0	0	11	0	2651	11	2513	138	2651	0.947944172010562	0.0	0.0
nad4	3827	C	0	378	0	2644	0	0	12	0	3022	12	2644	378	3022	0.8749172733289210	0.0	0.0
nad4	3893	C	0	236	0	3724	0	0	1	0	3960	1	3724	236	3960	0.9404040404040400	0.0	0.0
nad4	3894	C	0	3634	0	330	0	0	1	0	3964	1	330	3634	3964	0.08324924318869830	7.82324990088267e-19	2.79010669439227e-17
nad4	3898	C	0	977	0	2932	0	0	1	0	3909	1	2932	977	3909	0.7500639549756970	0.0	0.0
nad4	3899	C	0	135	0	3781	0	0	1	0	3916	1	3781	135	3916	0.9655260469867210	0.0	0.0
nad4	6775	C	0	189	0	368	0	0	18	0	557	18	368	189	557	0.6606822262118490	0.0	0.0
nad4	6779	C	0	192	0	377	0	0	18	0	569	18	377	192	569	0.6625659050966610	0.0	0.0
nad4	6784	C	0	171	0	3673	0	0	18	0	3844	18	3673	171	3844	0.9555150884495320	0.0	0.0
nad4	6789	C	0	272	0	3909	0	0	18	0	4181	18	3909	272	4181	0.934943793350873	0.0	0.0
nad4	6852	T	0	3553	0	315	20	0	0	0	3868	20	3553	315	3868	0.9185625646328850	0.0	0.0
nad4	6895	C	0	147	0	3243	0	0	17	0	3390	17	3243	147	3390	0.9566371681415930	0.0	0.0
nad4	6908	C	0	2770	0	470	0	0	17	0	3240	17	470	2770	3240	0.14506172839506200	7.5966861754978e-93	2.90735669388306e-91
nad4	6943	T	0	45	0	503	14	0	0	0	548	14	45	503	548	0.08211678832116790	0.0009243826630847360	0.03167018822857720
nad4L	115	C	0	351	0	1159	0	0	22	0	1510	22	1159	351	1510	0.7675496688741720	0.0	0.0
nad4L	143	C	0	272	0	1672	0	0	27	0	1944	27	1672	272	1944	0.8600823045267490	0.0	0.0
nad4L	150	T	0	1680	0	289	24	0	0	0	1969	24	1680	289	1969	0.8532249873032000	0.0	0.0
nad4L	151	C	0	441	0	1548	0	0	29	0	1989	29	1548	441	1989	0.7782805429864250	0.0	0.0
nad4L	152	C	0	600	0	1430	0	0	33	0	2030	33	1430	600	2030	0.7044334975369460	0.0	0.0
nad4L	154	C	0	337	0	1702	0	0	34	0	2039	34	1702	337	2039	0.8347229033840120	0.0	0.0
nad4L	160	C	0	438	0	1650	0	0	33	0	2088	33	1650	438	2088	0.7902298850574710	0.0	0.0
nad4L	181	C	0	286	0	2628	0	0	34	0	2914	34	2628	286	2914	0.9018531228551820	0.0	0.0
nad4L	199	C	0	278	0	2924	0	0	36	0	3202	36	2924	278	3202	0.9131792629606500	0.0	0.0
nad4L	208	C	0	258	0	3085	0	0	41	0	3343	41	3085	258	3343	0.9228238109482500	0.0	0.0
nad4L	211	C	0	229	0	3157	0	0	42	0	3386	42	3157	229	3386	0.9323685764914350	0.0	0.0
nad4L	213	C	0	377	0	2979	0	0	41	0	3356	41	2979	377	3356	0.8876638855780690	0.0	0.0
nad4L	214	T	0	2735	0	603	41	0	0	0	3338	41	2735	603	3338	0.8193529059316960	0.0	0.0
nad4L	250	C	0	550	0	3992	0	0	41	0	4542	41	3992	550	4542	0.8789079700572440	0.0	0.0
nad4L	252	C	0	2461	0	2108	0	0	42	0	4569	42	2108	2461	4569	0.4613701028671480	0.0	0.0
nad4L	253	C	0	371	0	4198	0	0	43	0	4569	43	4198	371	4569	0.9188006128255640	0.0	0.0
nad4L	271	C	0	424	0	4250	0	0	40	0	4674	40	4250	424	4674	0.9092854086435600	0.0	0.0
nad4L	288	T	0	4320	0	523	46	0	0	0	4843	46	4320	523	4843	0.8920090852777200	0.0	0.0
nad4L	292	C	0	386	0	4552	0	0	48	0	4938	48	4552	386	4938	0.9218307006885380	0.0	0.0
nad4L	294	C	0	325	0	4700	0	0	48	0	5025	48	4700	325	5025	0.9353233830845770	0.0	0.0
nad4L	296	C	0	4593	0	424	0	0	48	0	5017	48	424	4593	5017	0.08451265696631450	6.81544545614573e-25	2.46469892518368e-23
nad4L	322	T	0	4884	0	363	55	0	0	0	5247	55	4884	363	5247	0.9308176100628930	0.0	0.0
nad4L	331	T	0	4995	0	583	54	0	0	0	5578	54	4995	583	5578	0.8954822517031190	0.0	0.0
nad4L	352	C	0	583	0	4648	0	0	58	0	5231	58	4648	583	5231	0.8885490346014150	0.0	0.0
nad4L	364	C	0	463	0	4314	0	0	58	0	4777	58	4314	463	4777	0.9030772451329290	0.0	0.0
nad4L	397	C	0	548	0	4345	0	0	55	0	4893	55	4345	548	4893	0.8880032699775190	0.0	0.0
nad4L	402	C	0	584	0	4418	0	0	53	0	5002	53	4418	584	5002	0.8832467013194720	0.0	0.0
nad4L	414	C	0	676	0	4182	0	0	54	0	4858	54	4182	676	4858	0.8608480856319470	0.0	0.0
nad4L	421	C	0	4311	0	397	0	0	53	0	4708	53	397	4311	4708	0.08432455395072220	2.95818666099644e-23	1.06497378840061e-21
nad4L	428	C	0	3805	0	920	0	0	51	0	4725	51	920	3805	4725	0.19470899470899500	1.50465692236648e-272	6.13988939355069e-271
nad4L	430	C	0	4112	0	429	0	0	48	0	4541	48	429	4112	4541	0.09447258313146880	4.79675602776438e-35	1.7528729531751e-33
nad4L	440	C	0	3315	0	222	0	0	42	0	3537	42	222	3315	3537	0.06276505513146740	0.0004320652097699210	0.014828315095539900
nad4L	448	C	0	1045	0	2474	0	0	37	0	3519	37	2474	1045	3519	0.7030406365444730	0.0	0.0
nad4L	451	C	0	2108	0	1414	0	0	35	0	3522	35	1414	2108	3522	0.40147643384440700	0.0	0.0
nad5	432	C	0	278	0	1721	0	0	2	0	1999	2	1721	278	1999	0.8609304652326160	0.0	0.0
nad5	441	C	0	164	0	1975	0	0	2	0	2139	2	1975	164	2139	0.9233286582515190	0.0	0.0
nad5	455	T	0	2193	0	218	2	0	0	0	2411	2	2193	218	2411	0.9095810866860220	0.0	0.0
nad5	462	C	0	234	0	2217	0	0	1	0	2451	1	2217	234	2451	0.9045287637698900	0.0	0.0
nad5	486	C	0	265	0	2486	0	0	1	0	2751	1	2486	265	2751	0.9036713922210110	0.0	0.0
nad5	498	C	0	161	0	2746	0	0	1	0	2907	1	2746	161	2907	0.9446164430684560	0.0	0.0
nad5	528	T	0	3170	0	227	1	0	0	0	3397	1	3170	227	3397	0.933176332057698	0.0	0.0
nad5	546	T	0	2986	0	174	2	0	0	0	3160	2	2986	174	3160	0.9449367088607600	0.0	0.0
nad5	558	T	0	2715	0	330	2	0	0	0	3045	2	2715	330	3045	0.8916256157635470	0.0	0.0
nad5	564	C	0	302	0	2294	0	0	2	0	2596	2	2294	302	2596	0.8836671802773500	0.0	0.0
nad5	572	C	0	290	0	2076	0	0	2	0	2366	2	2076	290	2366	0.8774302620456470	0.0	0.0
nad5	650	C	0	260	0	2604	0	0	2	0	2864	2	2604	260	2864	0.909217877094972	0.0	0.0
nad5	1361	C	0	256	0	1018	0	0	8	0	1274	8	1018	256	1274	0.7990580847723710	0.0	0.0
nad5	1504	C	0	263	0	493	0	0	6	0	756	6	493	263	756	0.6521164021164020	0.0	0.0
nad5	1505	C	0	247	0	502	0	0	6	0	749	6	502	247	749	0.6702269692923900	0.0	0.0
nad5	1509	C	0	119	0	571	0	0	5	0	690	5	571	119	690	0.827536231884058	0.0	0.0
nad5	1525	C	0	184	0	2888	0	0	7	0	3072	7	2888	184	3072	0.9401041666666670	0.0	0.0
nad5	1540	C	0	159	0	3034	0	0	7	0	3193	7	3034	159	3193	0.9502035703100530	0.0	0.0
nad5	1572	T	0	3083	0	127	4	0	0	0	3210	4	3083	127	3210	0.9604361370716510	0.0	0.0
nad5	1581	C	0	141	0	3152	0	0	5	0	3293	5	3152	141	3293	0.9571819010021260	0.0	0.0
nad5	1582	T	0	3188	0	131	5	0	0	0	3319	5	3188	131	3319	0.960530280204881	0.0	0.0
nad5	1617	T	0	2695	0	231	7	0	0	0	2926	7	2695	231	2926	0.9210526315789470	0.0	0.0
nad5	1633	C	0	122	0	2505	0	0	5	0	2627	5	2505	122	2627	0.9535591929958130	0.0	0.0
nad5	1635	C	0	95	0	2466	0	0	5	0	2561	5	2466	95	2561	0.9629051151893790	0.0	0.0
nad5	1642	C	0	73	0	2220	0	0	5	0	2293	5	2220	73	2293	0.9681639773222850	0.0	0.0
nad5	1646	C	0	1991	0	150	0	0	5	0	2141	5	150	1991	2141	0.07006071929005140	3.21848781172856e-05	0.0011098033176714700
nad5	1654	C	0	73	0	2077	0	0	6	0	2150	6	2077	73	2150	0.966046511627907	0.0	0.0
nad5	1669	T	0	2209	0	124	8	0	0	0	2333	8	2209	124	2333	0.9468495499357050	0.0	0.0
nad5	1682	C	0	97	0	2457	0	0	7	0	2554	7	2457	97	2554	0.9620203602192640	0.0	0.0
nad5	1686	T	0	2343	0	226	8	0	0	0	2569	8	2343	226	2569	0.9120280264694430	0.0	0.0
nad5	1692	C	0	91	0	2512	0	0	8	0	2603	8	2512	91	2603	0.9650403380714560	0.0	0.0
nad5	1696	C	0	110	0	2469	0	0	10	0	2579	10	2469	110	2579	0.9573478092283830	0.0	0.0
nad5	1701	C	0	105	0	2420	0	0	9	0	2525	9	2420	105	2525	0.9584158415841580	0.0	0.0
nad5	1711	C	0	143	0	2557	0	0	10	0	2700	10	2557	143	2700	0.947037037037037	0.0	0.0
nad5	1717	C	0	117	0	2645	0	0	10	0	2762	10	2645	117	2762	0.9576393917451120	0.0	0.0
nad5	1718	C	0	1789	0	921	0	0	10	0	2710	10	921	1789	2710	0.33985239852398500	0.0	0.0
nad5	1720	T	0	2572	0	130	9	0	0	0	2702	9	2572	130	2702	0.9518874907475940	0.0	0.0
nad5	1723	T	0	2531	0	199	10	0	0	0	2730	10	2531	199	2730	0.9271062271062270	0.0	0.0
nad5	1732	C	0	243	0	2572	0	0	13	0	2815	13	2572	243	2815	0.9136767317939610	0.0	0.0
nad5	1743	C	0	252	0	2600	0	0	13	0	2852	13	2600	252	2852	0.9116409537166900	0.0	0.0
nad5	1748	C	0	2317	0	477	0	0	13	0	2794	13	477	2317	2794	0.17072297780959200	6.22262188056658e-120	2.42198473215327e-118
nad5	1752	T	0	2367	0	501	13	0	0	0	2868	13	2367	501	2868	0.8253138075313810	0.0	0.0
nad5	1758	T	0	2161	0	714	13	0	0	0	2875	13	2161	714	2875	0.7516521739130440	0.0	0.0
nad5	1797	T	0	3744	0	122	7	0	0	0	3866	7	3744	122	3866	0.9684428349715470	0.0	0.0
nad5	1810	C	0	114	0	3763	0	0	9	0	3877	9	3763	114	3877	0.9705958215114780	0.0	0.0
nad5	1811	C	0	137	0	3730	0	0	9	0	3867	9	3730	137	3867	0.9645720196534780	0.0	0.0
nad5	1816	C	0	96	0	3816	0	0	8	0	3912	8	3816	96	3912	0.9754601226993870	0.0	0.0
nad5	1836	C	0	176	0	3612	0	0	8	0	3788	8	3612	176	3788	0.9535374868004220	0.0	0.0
nad5	1840	C	0	417	0	3318	0	0	9	0	3735	9	3318	417	3735	0.8883534136546190	0.0	0.0
nad5	1841	C	0	3283	0	439	0	0	9	0	3722	9	439	3283	3722	0.11794734013971000	5.10297432930758e-60	1.89415407658107e-58
nad5	1846	C	0	193	0	3379	0	0	8	0	3572	8	3379	193	3572	0.9459686450167970	0.0	0.0
nad5	1847	C	0	269	0	3331	0	0	8	0	3600	8	3331	269	3600	0.9252777777777780	0.0	0.0
nad5	1849	C	0	311	0	3278	0	0	7	0	3589	7	3278	311	3589	0.9133463360267480	0.0	0.0
nad5	1851	T	0	3031	0	562	7	0	0	0	3593	7	3031	562	3593	0.8435847481213470	0.0	0.0
nad5	1855	T	0	3199	0	412	8	0	0	0	3611	8	3199	412	3611	0.8859041816671280	0.0	0.0
nad5	1864	C	0	372	0	3250	0	0	7	0	3622	7	3250	372	3622	0.8972943125345110	0.0	0.0
nad5	1866	C	0	466	0	3178	0	0	8	0	3644	8	3178	466	3644	0.8721185510428100	0.0	0.0
nad5	1873	C	0	326	0	3529	0	0	6	0	3855	6	3529	326	3855	0.9154345006485080	0.0	0.0
nad5	1921	C	0	808	0	3127	0	0	1	0	3935	1	3127	808	3935	0.7946632782719190	0.0	0.0
nad5	1923	C	0	106	0	3812	0	0	1	0	3918	1	3812	106	3918	0.9729453802960700	0.0	0.0
nad5	1938	T	0	3452	0	129	2	0	0	0	3581	2	3452	129	3581	0.9639765428651220	0.0	0.0
nad5	1948	T	0	3033	0	153	2	0	0	0	3186	2	3033	153	3186	0.9519774011299440	0.0	0.0
nad5	1956	C	0	117	0	3254	0	0	2	0	3371	2	3254	117	3371	0.9652921981607830	0.0	0.0
nad5	1963	C	0	102	0	3324	0	0	2	0	3426	2	3324	102	3426	0.9702276707530650	0.0	0.0
nad5	1966	C	0	133	0	3344	0	0	2	0	3477	2	3344	133	3477	0.9617486338797810	0.0	0.0
nad5	1967	C	0	3092	0	430	0	0	2	0	3522	2	430	3092	3522	0.12208972174900600	5.97757407696961e-63	2.22912308525801e-61
nad5	1968	C	0	152	0	3376	0	0	2	0	3528	2	3376	152	3528	0.9569160997732430	0.0	0.0
nad5	1990	T	0	3430	0	220	2	0	0	0	3650	2	3430	220	3650	0.9397260273972600	0.0	0.0
nad5	1995	T	0	3472	0	177	2	0	0	0	3649	2	3472	177	3649	0.951493559879419	0.0	0.0
nad5	2013	C	0	87	0	3475	0	0	2	0	3562	2	3475	87	3562	0.9755755193711400	0.0	0.0
nad5	2026	T	0	2921	0	102	2	0	0	0	3023	2	2921	102	3023	0.9662586834270590	0.0	0.0
nad5	2029	C	0	93	0	2968	0	0	2	0	3061	2	2968	93	3061	0.9696177719699450	0.0	0.0
nad5	2038	T	0	2999	0	111	2	0	0	0	3110	2	2999	111	3110	0.9643086816720260	0.0	0.0
nad5	2061	T	0	2954	0	102	4	0	0	0	3056	4	2954	102	3056	0.9666230366492150	0.0	0.0
nad5	2071	T	0	2676	0	96	3	0	0	0	2772	3	2676	96	2772	0.9653679653679650	0.0	0.0
nad5	2074	C	0	113	0	2642	0	0	3	0	2755	3	2642	113	2755	0.958983666061706	0.0	0.0
nad5	2080	T	0	2798	0	63	4	0	0	0	2861	4	2798	63	2861	0.9779797273680530	0.0	0.0
nad5	2128	T	0	2069	0	37	5	0	0	0	2106	5	2069	37	2106	0.9824311490978160	0.0	0.0
nad5	2131	T	0	1959	0	138	5	0	0	0	2097	5	1959	138	2097	0.9341917024320460	0.0	0.0
nad5	2173	T	0	2436	0	47	6	0	0	0	2483	6	2436	47	2483	0.9810712847362060	0.0	0.0
nad5	2185	T	0	2216	0	118	5	0	0	0	2334	5	2216	118	2334	0.9494430162810630	0.0	0.0
nad5	2202	T	0	1847	0	335	5	0	0	0	2182	5	1847	335	2182	0.8464711274060500	0.0	0.0
nad5	2232	C	0	31	0	1922	0	0	4	0	1953	4	1922	31	1953	0.9841269841269840	0.0	0.0
nad5	2233	T	0	1914	0	32	4	0	0	0	1946	4	1914	32	1946	0.9835560123329910	0.0	0.0
nad5	2236	T	0	1933	0	38	3	0	0	0	1971	3	1933	38	1971	0.9807204464738710	0.0	0.0
nad5	2238	C	0	27	0	1912	0	0	3	0	1939	3	1912	27	1939	0.9860752965446110	0.0	0.0
nad5	2248	C	0	50	0	1896	0	0	3	0	1946	3	1896	50	1946	0.9743062692702980	0.0	0.0
nad5	2257	C	0	68	0	1980	0	0	3	0	2048	3	1980	68	2048	0.966796875	0.0	0.0
nad5	2268	C	0	40	0	2075	0	0	2	0	2115	2	2075	40	2115	0.9810874704491730	0.0	0.0
nad5	2277	C	0	61	0	1636	0	0	2	0	1697	2	1636	61	1697	0.9640542133176190	0.0	0.0
nad5	2278	T	0	1649	0	60	2	0	0	0	1709	2	1649	60	1709	0.9648917495611470	0.0	0.0
nad5	2301	T	0	1680	0	42	2	0	0	0	1722	2	1680	42	1722	0.975609756097561	0.0	0.0
nad5	2308	C	0	47	0	1790	0	0	2	0	1837	2	1790	47	1837	0.9744148067501360	0.0	0.0
nad5	2313	T	0	1810	0	44	2	0	0	0	1854	2	1810	44	1854	0.9762675296655880	0.0	0.0
nad5	2329	T	0	1992	0	63	2	0	0	0	2055	2	1992	63	2055	0.9693430656934310	0.0	0.0
nad5	2335	C	0	54	0	2157	0	0	2	0	2211	2	2157	54	2211	0.9755766621438260	0.0	0.0
nad5	2337	C	0	66	0	2182	0	0	1	0	2248	1	2182	66	2248	0.9706405693950180	0.0	0.0
nad5	2338	C	0	52	0	2196	0	0	2	0	2248	2	2196	52	2248	0.9768683274021350	0.0	0.0
nad5	2341	C	0	67	0	2171	0	0	0	0	2238	0	2171	67	2238	0.9700625558534410	0.0	0.0
nad5	2353	T	0	2409	0	97	0	0	0	0	2506	0	2409	97	2506	0.961292897047087	0.0	0.0
nad5	2455	T	0	3609	0	81	0	0	0	0	3690	0	3609	81	3690	0.9780487804878050	0.0	0.0
nad5	2506	C	0	47	0	2986	0	0	0	0	3033	0	2986	47	3033	0.9845037916254530	0.0	0.0
nad5	2512	C	0	81	0	2589	0	0	0	0	2670	0	2589	81	2670	0.9696629213483150	0.0	0.0
nad5	3008	C	0	421	0	100	0	0	0	0	521	0	100	421	521	0.19193857965451100	8.36163766012546e-31	3.04447227205168e-29
nad5	3474	T	0	2572	0	97	1	0	0	0	2669	1	2572	97	2669	0.9636568002997380	0.0	0.0
nad5	3479	C	0	337	0	2359	0	0	1	0	2696	1	2359	337	2696	0.875	0.0	0.0
nad5	3483	C	0	169	0	2513	0	0	1	0	2682	1	2513	169	2682	0.9369873228933630	0.0	0.0
nad5	3505	C	0	853	0	2076	0	0	1	0	2929	1	2076	853	2929	0.7087743257084330	0.0	0.0
nad5	3509	C	0	108	0	2658	0	0	1	0	2766	1	2658	108	2766	0.9609544468546640	0.0	0.0
nad5	3515	C	0	84	0	2612	0	0	1	0	2696	1	2612	84	2696	0.9688427299703260	0.0	0.0
nad5	3522	C	0	129	0	2579	0	0	1	0	2708	1	2579	129	2708	0.9523633677991140	0.0	0.0
nad5	3531	C	0	125	0	2662	0	0	0	0	2787	0	2662	125	2787	0.9551489056332980	0.0	0.0
nad5	3546	C	0	130	0	2364	0	0	0	0	2494	0	2364	130	2494	0.9478748997594230	0.0	0.0
nad5	5694	C	0	164	0	3485	0	0	0	0	3649	0	3485	164	3649	0.9550561797752810	0.0	0.0
nad5	5773	C	0	66	0	3466	0	0	0	0	3532	0	3466	66	3532	0.9813137032842580	0.0	0.0
nad5	5785	C	0	76	0	3434	0	0	0	0	3510	0	3434	76	3510	0.9783475783475780	0.0	0.0
nad5	5904	C	0	101	0	4182	0	0	0	0	4283	0	4182	101	4283	0.9764183983189350	0.0	0.0
nad5	6060	T	0	3679	0	306	2	0	0	0	3985	2	3679	306	3985	0.9232120451693850	0.0	0.0
nad5	6066	T	0	3658	0	340	2	0	0	0	3998	2	3658	340	3998	0.9149574787393700	0.0	0.0
nad5	6096	C	0	264	0	132	0	0	2	0	396	2	132	264	396	0.3333333333333330	3.36801416429736e-70	1.26362843367001e-68
nad5	6098	C	0	268	0	130	0	0	2	0	398	2	130	268	398	0.32663316582914600	5.96518967900353e-68	2.23490937169102e-66
nad5	6112	T	0	53	0	342	2	0	0	0	395	2	53	342	395	0.1341772151898730	1.00568270734604e-10	3.5363123891059e-09
nad5	6706	C	0	131	0	49	0	0	0	0	180	0	49	131	180	0.2722222222222220	9.69098861558081e-23	3.48727569669925e-21
nad5	6748	C	0	3071	0	648	0	0	0	0	3719	0	648	3071	3719	0.17424038720086000	9.13541428434573e-167	3.62080630878111e-165
nad5	6756	C	0	25	0	3485	0	0	0	0	3510	0	3485	25	3510	0.9928774928774930	0.0	0.0
nad5	6797	T	0	1731	0	40	3	0	0	0	1771	3	1731	40	1771	0.9774138904573690	0.0	0.0
nad5	6806	C	0	74	0	1597	0	0	3	0	1671	3	1597	74	1671	0.9557151406343510	0.0	0.0
nad5	6808	C	0	1252	0	413	0	0	3	0	1665	3	413	1252	1665	0.24804804804804800	1.91102206675291e-162	7.54816023624463e-161
nad5	6821	C	0	41	0	1535	0	0	3	0	1576	3	1535	41	1576	0.9739847715736040	0.0	0.0
nad5	6832	C	0	1391	0	173	0	0	3	0	1564	3	173	1391	1564	0.11061381074168800	8.21172348760589e-22	2.9430670013611e-20
nad6	127	C	0	193	0	2730	0	0	6	0	2923	6	2730	193	2923	0.9339719466301750	0.0	0.0
nad6	128	C	0	38	0	2902	0	0	6	0	2940	6	2902	38	2940	0.9870748299319730	0.0	0.0
nad6	140	C	0	664	0	2576	0	0	8	0	3240	8	2576	664	3240	0.7950617283950620	0.0	0.0
nad6	168	C	0	132	0	4022	0	0	10	0	4154	10	4022	132	4154	0.9682233991333650	0.0	0.0
nad6	172	C	0	1319	0	3033	0	0	10	0	4352	10	3033	1319	4352	0.6969209558823530	0.0	0.0
nad6	188	T	0	4389	0	208	9	0	0	0	4597	9	4389	208	4597	0.9547530998477270	0.0	0.0
nad6	215	C	0	74	0	4633	0	0	12	0	4707	12	4633	74	4707	0.9842787338007220	0.0	0.0
nad6	217	C	0	3724	0	999	0	0	12	0	4723	12	999	3724	4723	0.2115181029006990	0.0	0.0
nad6	223	C	0	4336	0	362	0	0	12	0	4698	12	362	4336	4698	0.07705406555981270	1.50655719410138e-15	5.33738365156606e-14
nad6	234	T	0	4192	0	189	13	0	0	0	4381	13	4192	189	4381	0.9568591645742980	0.0	0.0
nad6	243	C	0	264	0	4132	0	0	12	0	4396	12	4132	264	4396	0.9399454049135580	0.0	0.0
nad6	252	C	0	241	0	3964	0	0	10	0	4205	10	3964	241	4205	0.9426872770511300	0.0	0.0
nad6	258	C	0	298	0	3854	0	0	11	0	4152	11	3854	298	4152	0.9282273603082850	0.0	0.0
nad6	259	C	0	1206	0	2929	0	0	11	0	4135	11	2929	1206	4135	0.7083434099153570	0.0	0.0
nad6	267	C	0	125	0	3801	0	0	10	0	3926	10	3801	125	3926	0.9681609780947530	0.0	0.0
nad6	278	C	0	83	0	3841	0	0	8	0	3924	8	3841	83	3924	0.9788481141692150	0.0	0.0
nad6	294	C	0	67	0	3710	0	0	7	0	3777	7	3710	67	3777	0.9822610537463600	0.0	0.0
nad6	312	C	0	35	0	2609	0	0	4	0	2644	4	2609	35	2644	0.9867624810892590	0.0	0.0
nad6	314	C	0	37	0	2610	0	0	4	0	2647	4	2610	37	2647	0.9860219115980360	0.0	0.0
nad6	317	C	0	53	0	2631	0	0	4	0	2684	4	2631	53	2684	0.9802533532041730	0.0	0.0
nad6	318	C	0	44	0	2645	0	0	5	0	2689	5	2645	44	2689	0.9836370397917440	0.0	0.0
nad6	336	C	0	75	0	2717	0	0	6	0	2792	6	2717	75	2792	0.9731375358166190	0.0	0.0
nad6	383	T	0	3372	0	104	3	0	0	0	3476	3	3372	104	3476	0.9700805523590330	0.0	0.0
nad6	411	C	0	86	0	3409	0	0	2	0	3495	2	3409	86	3495	0.9753934191702430	0.0	0.0
nad6	515	T	0	3638	0	140	4	0	0	0	3778	4	3638	140	3778	0.9629433562731600	0.0	0.0
nad6	540	C	0	72	0	3375	0	0	5	0	3447	5	3375	72	3447	0.97911227154047	0.0	0.0
nad6	559	C	0	2811	0	205	0	0	4	0	3016	4	205	2811	3016	0.0679708222811671	9.43195829019205e-06	0.00032621706518176300
nad6	578	C	0	185	0	2967	0	0	3	0	3152	3	2967	185	3152	0.9413071065989850	0.0	0.0
nad6	579	C	0	71	0	3094	0	0	4	0	3165	4	3094	71	3165	0.9775671406003160	0.0	0.0
nad6	627	C	0	62	0	3243	0	0	4	0	3305	4	3243	62	3305	0.9812405446293500	0.0	0.0
nad6	731	C	0	73	0	2104	0	0	3	0	2177	3	2104	73	2177	0.9664676159853010	0.0	0.0
nad7	629	C	0	323	0	780	0	0	22	0	1103	22	780	323	1103	0.7071622846781510	0.0	0.0
nad7	657	C	0	435	0	996	0	0	19	0	1431	19	996	435	1431	0.6960167714884700	0.0	0.0
nad7	662	C	0	241	0	1208	0	0	16	0	1449	16	1208	241	1449	0.8336783988957900	0.0	0.0
nad7	667	C	0	252	0	1216	0	0	17	0	1468	17	1216	252	1468	0.8283378746594010	0.0	0.0
nad7	668	C	0	274	0	1202	0	0	17	0	1476	17	1202	274	1476	0.8143631436314360	0.0	0.0
nad7	674	T	0	1068	0	418	17	0	0	0	1486	17	1068	418	1486	0.7187079407806190	0.0	0.0
nad7	676	T	0	1021	0	482	17	0	0	0	1503	17	1021	482	1503	0.6793080505655360	0.0	0.0
nad7	683	T	0	1216	0	303	17	0	0	0	1519	17	1216	303	1519	0.8005266622778140	0.0	0.0
nad7	689	T	0	1095	0	460	15	0	0	0	1555	15	1095	460	1555	0.7041800643086820	0.0	0.0
nad7	691	T	0	1042	0	500	16	0	0	0	1542	16	1042	500	1542	0.6757457846952010	0.0	0.0
nad7	701	C	0	220	0	1388	0	0	13	0	1608	13	1388	220	1608	0.8631840796019900	0.0	0.0
nad7	703	T	0	1005	0	594	13	0	0	0	1599	13	1005	594	1599	0.6285178236397750	0.0	0.0
nad7	707	C	0	517	0	1091	0	0	12	0	1608	12	1091	517	1608	0.6784825870646770	0.0	0.0
nad7	713	C	0	516	0	1108	0	0	13	0	1624	13	1108	516	1624	0.6822660098522170	0.0	0.0
nad7	719	C	0	541	0	1109	0	0	10	0	1650	10	1109	541	1650	0.6721212121212120	0.0	0.0
nad7	731	C	0	549	0	1142	0	0	9	0	1691	9	1142	549	1691	0.6753400354819630	0.0	0.0
nad7	763	T	0	1147	0	312	7	0	0	0	1459	7	1147	312	1459	0.7861549006168610	0.0	0.0
nad7	766	T	0	1142	0	285	5	0	0	0	1427	5	1142	285	1427	0.8002803083391730	0.0	0.0
nad7	1941	T	0	854	0	284	0	0	0	0	1138	0	854	284	1138	0.7504393673110720	0.0	0.0
nad7	1953	C	0	158	0	931	0	0	3	0	1089	3	931	158	1089	0.8549127640036730	0.0	0.0
nad7	1957	C	0	157	0	931	0	0	3	0	1088	3	931	157	1088	0.8556985294117650	0.0	0.0
nad7	2327	C	0	90	0	223	0	0	3	0	313	3	223	90	313	0.7124600638977640	1.32813358555933e-212	5.35680546175596e-211
nad7	3140	C	0	181	0	263	0	0	19	0	444	19	263	181	444	0.5923423423423420	5.60302130116692e-218	2.26330414657626e-216
nad7	3144	C	0	164	0	255	0	0	20	0	419	20	255	164	419	0.6085918854415270	1.01274517778842e-215	4.08885656407299e-214
nad7	3149	C	0	192	0	1014	0	0	20	0	1206	20	1014	192	1206	0.8407960199004980	0.0	0.0
nad7	3156	C	0	157	0	1172	0	0	20	0	1329	20	1172	157	1329	0.8818660647103090	0.0	0.0
nad7	3168	T	0	1221	0	350	19	0	0	0	1571	19	1221	350	1571	0.7772119669000640	0.0	0.0
nad7	3183	C	0	223	0	1365	0	0	18	0	1588	18	1365	223	1588	0.8595717884130980	0.0	0.0
nad7	3187	C	0	173	0	1449	0	0	18	0	1622	18	1449	173	1622	0.8933415536374850	0.0	0.0
nad7	3202	C	0	197	0	1560	0	0	15	0	1757	15	1560	197	1757	0.887877063175868	0.0	0.0
nad7	3225	T	0	1457	0	229	9	0	0	0	1686	9	1457	229	1686	0.8641755634638200	0.0	0.0
nad7	3231	T	0	1406	0	246	9	0	0	0	1652	9	1406	246	1652	0.851089588377724	0.0	0.0
nad7	3240	T	0	1501	0	235	10	0	0	0	1736	10	1501	235	1736	0.8646313364055300	0.0	0.0
nad7	3259	C	0	132	0	1858	0	0	7	0	1990	7	1858	132	1990	0.9336683417085430	0.0	0.0
nad7	3264	T	0	2057	0	160	5	0	0	0	2217	5	2057	160	2217	0.927830401443392	0.0	0.0
nad7	3271	C	0	147	0	2155	0	0	5	0	2302	5	2155	147	2302	0.9361424847958300	0.0	0.0
nad7	3276	T	0	2286	0	166	7	0	0	0	2452	7	2286	166	2452	0.932300163132137	0.0	0.0
nad7	3283	C	0	137	0	2387	0	0	8	0	2524	8	2387	137	2524	0.9457210776545170	0.0	0.0
nad7	3295	T	0	2465	0	168	7	0	0	0	2633	7	2465	168	2633	0.9361944549943030	0.0	0.0
nad7	3297	T	0	2487	0	160	8	0	0	0	2647	8	2487	160	2647	0.9395542123158290	0.0	0.0
nad7	3301	T	0	2529	0	186	5	0	0	0	2715	5	2529	186	2715	0.9314917127071820	0.0	0.0
nad7	3319	C	0	164	0	2883	0	0	8	0	3047	8	2883	164	3047	0.9461765671151950	0.0	0.0
nad7	3325	T	0	2889	0	221	8	0	0	0	3110	8	2889	221	3110	0.9289389067524120	0.0	0.0
nad7	3328	C	0	214	0	2900	0	0	7	0	3114	7	2900	214	3114	0.9312780989081570	0.0	0.0
nad7	3330	C	0	1023	0	2088	0	0	7	0	3111	7	2088	1023	3111	0.6711668273866920	0.0	0.0
nad7	3331	C	0	177	0	2918	0	0	8	0	3095	8	2918	177	3095	0.9428109854604200	0.0	0.0
nad7	3340	C	0	227	0	2786	0	0	13	0	3013	13	2786	227	3013	0.9246598075008300	0.0	0.0
nad7	3367	C	0	171	0	3076	0	0	14	0	3247	14	3076	171	3247	0.9473360024638130	0.0	0.0
nad7	3368	C	0	3065	0	240	0	0	14	0	3305	14	240	3065	3305	0.07261724659606660	1.19540778557926e-08	4.17595091323463e-07
nad7	3396	T	0	3111	0	222	17	0	0	0	3333	17	3111	222	3333	0.9333933393339330	0.0	0.0
nad7	3411	T	0	3125	0	347	17	0	0	0	3472	17	3125	347	3472	0.9000576036866360	0.0	0.0
nad7	3415	T	0	3030	0	380	18	0	0	0	3410	18	3030	380	3410	0.8885630498533720	0.0	0.0
nad7	3429	T	0	3005	0	392	19	0	0	0	3397	19	3005	392	3397	0.884604062408007	0.0	0.0
nad7	3460	C	0	171	0	3003	0	0	20	0	3174	20	3003	171	3174	0.946124763705104	0.0	0.0
nad7	3474	T	0	2980	0	261	15	0	0	0	3241	15	2980	261	3241	0.9194692995988890	0.0	0.0
nad7	3477	T	0	2971	0	280	14	0	0	0	3251	14	2971	280	3251	0.9138726545678250	0.0	0.0
nad7	3502	C	0	223	0	3233	0	0	11	0	3456	11	3233	223	3456	0.9354745370370370	0.0	0.0
nad7	3511	C	0	252	0	3262	0	0	14	0	3514	14	3262	252	3514	0.9282868525896410	0.0	0.0
nad7	3514	C	0	255	0	3347	0	0	13	0	3602	13	3347	255	3602	0.9292059966685170	0.0	0.0
nad7	3530	C	0	905	0	2142	0	0	8	0	3047	8	2142	905	3047	0.7029865441417790	0.0	0.0
nad7	3537	T	0	2875	0	235	6	0	0	0	3110	6	2875	235	3110	0.9244372990353700	0.0	0.0
nad7	3540	T	0	2929	0	236	6	0	0	0	3165	6	2929	236	3165	0.925434439178515	0.0	0.0
nad7	3560	C	0	2957	0	268	0	0	6	0	3225	6	268	2957	3225	0.08310077519379850	1.55287746698254e-15	5.49905353051438e-14
nad7	3570	T	0	2873	0	387	6	0	0	0	3260	6	2873	387	3260	0.8812883435582820	0.0	0.0
nad7	3573	T	0	2976	0	353	7	0	0	0	3329	7	2976	353	3329	0.8939621507960350	0.0	0.0
nad7	3585	C	0	437	0	2882	0	0	9	0	3319	9	2882	437	3319	0.8683338354926180	0.0	0.0
nad7	4740	T	0	2931	0	472	16	0	0	0	3403	16	2931	472	3403	0.8612988539523950	0.0	0.0
nad7	4755	C	0	284	0	3106	0	0	16	0	3390	16	3106	284	3390	0.9162241887905600	0.0	0.0
nad7	4764	C	0	306	0	3039	0	0	17	0	3345	17	3039	306	3345	0.9085201793721970	0.0	0.0
nad7	4770	T	0	2648	0	612	16	0	0	0	3260	16	2648	612	3260	0.8122699386503070	0.0	0.0
nad7	4774	C	0	438	0	2897	0	0	17	0	3335	17	2897	438	3335	0.8686656671664170	0.0	0.0
nad7	4780	C	0	221	0	3105	0	0	18	0	3326	18	3105	221	3326	0.933553818400481	0.0	0.0
nad7	4789	T	0	3219	0	370	19	0	0	0	3589	19	3219	370	3589	0.8969072164948450	0.0	0.0
nad7	4809	C	0	372	0	3431	0	0	22	0	3803	22	3431	372	3803	0.9021824875098610	0.0	0.0
nad7	4812	C	0	413	0	3512	0	0	21	0	3925	21	3512	413	3925	0.8947770700636940	0.0	0.0
nad7	4843	C	0	323	0	3071	0	0	16	0	3394	16	3071	323	3394	0.9048320565704180	0.0	0.0
nad7	4845	T	0	3187	0	276	17	0	0	0	3463	17	3187	276	3463	0.9203003176436620	0.0	0.0
nad7	4848	T	0	3128	0	378	16	0	0	0	3506	16	3128	378	3506	0.8921848260125500	0.0	0.0
nad7	4857	T	0	3257	0	352	17	0	0	0	3609	17	3257	352	3609	0.9024660570795230	0.0	0.0
nad7	4865	C	0	3142	0	540	0	0	16	0	3682	16	540	3142	3682	0.14665942422596400	3.053167448237e-108	1.18261517862031e-106
nad7	4869	T	0	3280	0	440	18	0	0	0	3720	18	3280	440	3720	0.8817204301075270	0.0	0.0
nad7	4872	C	0	250	0	3468	0	0	18	0	3718	18	3468	250	3718	0.9327595481441640	0.0	0.0
nad7	4876	C	0	342	0	3473	0	0	19	0	3815	19	3473	342	3815	0.9103538663171690	0.0	0.0
nad7	4881	T	0	3286	0	606	19	0	0	0	3892	19	3286	606	3892	0.8442959917780060	0.0	0.0
nad7	4888	T	0	3492	0	417	18	0	0	0	3909	18	3492	417	3909	0.8933231005372220	0.0	0.0
nad7	4921	C	0	288	0	3731	0	0	18	0	4019	18	3731	288	4019	0.9283403831798960	0.0	0.0
nad7	4935	T	0	3670	0	375	17	0	0	0	4045	17	3670	375	4045	0.907292954264524	0.0	0.0
nad7	4941	T	0	3324	0	254	16	0	0	0	3578	16	3324	254	3578	0.9290106204583570	0.0	0.0
nad7	4950	T	0	3338	0	456	15	0	0	0	3794	15	3338	456	3794	0.8798102266736950	0.0	0.0
nad7	4966	C	0	317	0	3272	0	0	13	0	3589	13	3272	317	3589	0.9116745611590970	0.0	0.0
nad7	4979	C	0	2906	0	281	0	0	12	0	3187	12	281	2906	3187	0.08817069344210860	1.83714526093089e-19	6.56666709911138e-18
nad7	4984	C	0	280	0	2942	0	0	11	0	3222	11	2942	280	3222	0.9130974549968960	0.0	0.0
nad7	5020	T	0	2981	0	297	8	0	0	0	3278	8	2981	297	3278	0.9093959731543620	0.0	0.0
nad7	5029	T	0	3037	0	295	7	0	0	0	3332	7	3037	295	3332	0.9114645858343340	0.0	0.0
nad7	5032	C	0	180	0	3150	0	0	7	0	3330	7	3150	180	3330	0.9459459459459460	0.0	0.0
nad7	5038	T	0	2994	0	397	7	0	0	0	3391	7	2994	397	3391	0.8829253907401950	0.0	0.0
nad7	5041	T	0	3080	0	341	6	0	0	0	3421	6	3080	341	3421	0.9003215434083600	0.0	0.0
nad7	5053	C	0	376	0	3062	0	0	5	0	3438	5	3062	376	3438	0.8906340895869690	0.0	0.0
nad7	5065	C	0	313	0	3388	0	0	9	0	3701	9	3388	313	3701	0.9154282626317210	0.0	0.0
nad7	5089	T	0	3152	0	325	9	0	0	0	3477	9	3152	325	3477	0.906528616623526	0.0	0.0
nad7	5094	T	0	3076	0	391	8	0	0	0	3467	8	3076	391	3467	0.8872223824632250	0.0	0.0
nad7	5124	T	0	3215	0	314	9	0	0	0	3529	9	3215	314	3529	0.9110229526778120	0.0	0.0
nad7	5137	C	0	283	0	2893	0	0	7	0	3176	7	2893	283	3176	0.9108942065491180	0.0	0.0
nad7	5146	C	0	270	0	2921	0	0	5	0	3191	5	2921	270	3191	0.9153870260106550	0.0	0.0
nad7	5149	T	0	2763	0	405	5	0	0	0	3168	5	2763	405	3168	0.8721590909090910	0.0	0.0
nad7	5164	C	0	350	0	2732	0	0	4	0	3082	4	2732	350	3082	0.8864373783257630	0.0	0.0
nad7	5176	C	0	408	0	2460	0	0	4	0	2868	4	2460	408	2868	0.8577405857740590	0.0	0.0
nad7	5193	T	0	2248	0	292	3	0	0	0	2540	3	2248	292	2540	0.8850393700787400	0.0	0.0
nad7	5200	C	0	257	0	2280	0	0	2	0	2537	2	2280	257	2537	0.8986992510839570	0.0	0.0
nad7	5206	C	0	239	0	2260	0	0	1	0	2499	1	2260	239	2499	0.9043617446978790	0.0	0.0
nad7	5229	T	0	1632	0	315	2	0	0	0	1947	2	1632	315	1947	0.8382126348228040	0.0	0.0
nad7	5291	T	0	248	0	707	5	0	0	0	955	5	248	707	955	0.25968586387434600	4.71918701798422e-103	1.82176539043167e-101
nad7	5344	T	0	8	0	8	0	0	0	0	16	0	8	8	16	0.5	3.49719465814508e-07	1.217437142576e-05
nad9	507	T	0	4412	0	236	8	0	0	0	4648	8	4412	236	4648	0.9492254733218590	0.0	0.0
nad9	517	C	0	263	0	4488	0	0	10	0	4751	10	4488	263	4751	0.9446432330035780	0.0	0.0
nad9	523	T	0	4605	0	219	10	0	0	0	4824	10	4605	219	4824	0.9546019900497510	0.0	0.0
nad9	526	C	0	231	0	4624	0	0	9	0	4855	9	4624	231	4855	0.9524201853759010	0.0	0.0
nad9	531	T	0	4590	0	347	9	0	0	0	4937	9	4590	347	4937	0.9297144014583760	0.0	0.0
nad9	532	T	0	4540	0	394	9	0	0	0	4934	9	4540	394	4934	0.9201459262261860	0.0	0.0
nad9	537	C	0	190	0	4793	0	0	9	0	4983	9	4793	190	4983	0.9618703592213530	0.0	0.0
nad9	552	T	0	5060	0	555	9	0	0	0	5615	9	5060	555	5615	0.9011576135351740	0.0	0.0
nad9	583	C	0	428	0	5687	0	0	7	0	6115	7	5687	428	6115	0.9300081766148810	0.0	0.0
nad9	598	C	0	559	0	4852	0	0	7	0	5411	7	4852	559	5411	0.8966919238588060	0.0	0.0
nad9	603	T	0	5290	0	342	7	0	0	0	5632	7	5290	342	5632	0.9392755681818180	0.0	0.0
nad9	609	C	0	5200	0	350	0	0	7	0	5550	7	350	5200	5550	0.06306306306306310	9.38373802353551e-06	0.0003246894959659790
nad9	619	C	0	209	0	4334	0	0	7	0	4543	7	4334	209	4543	0.9539951573849880	0.0	0.0
nad9	631	T	0	4084	0	535	7	0	0	0	4619	7	4084	535	4619	0.8841740636501410	0.0	0.0
nad9	637	T	0	4171	0	582	5	0	0	0	4753	5	4171	582	4753	0.8775510204081630	0.0	0.0
nad9	642	C	0	374	0	4371	0	0	5	0	4745	5	4371	374	4745	0.9211801896733400	0.0	0.0
nad9	651	C	0	333	0	4581	0	0	5	0	4914	5	4581	333	4914	0.9322344322344320	0.0	0.0
nad9	652	C	0	293	0	4633	0	0	6	0	4926	6	4633	293	4926	0.9405196914332120	0.0	0.0
nad9	661	C	0	927	0	4132	0	0	5	0	5059	5	4132	927	5059	0.8167622059695590	0.0	0.0
nad9	663	C	0	177	0	4903	0	0	5	0	5080	5	4903	177	5080	0.9651574803149610	0.0	0.0
nad9	690	T	0	4618	0	1430	1	0	0	0	6048	1	4618	1430	6048	0.763558201058201	0.0	0.0
nad9	713	C	0	310	0	5836	0	0	4	0	6146	4	5836	310	6146	0.9495606898795970	0.0	0.0
nad9	715	C	0	236	0	5899	0	0	4	0	6135	4	5899	236	6135	0.9615321923390380	0.0	0.0
nad9	718	C	0	229	0	5375	0	0	3	0	5604	3	5375	229	5604	0.9591363311920060	0.0	0.0
nad9	726	T	0	4848	0	335	3	0	0	0	5183	3	4848	335	5183	0.9353656183677410	0.0	0.0
nad9	735	C	0	265	0	4837	0	0	2	0	5102	2	4837	265	5102	0.9480595844766760	0.0	0.0
nad9	738	T	0	4839	0	409	2	0	0	0	5248	2	4839	409	5248	0.9220655487804880	0.0	0.0
nad9	774	T	0	5306	0	245	2	0	0	0	5551	2	5306	245	5551	0.9558638083228250	0.0	0.0
nad9	778	C	0	253	0	5256	0	0	4	0	5509	4	5256	253	5509	0.9540751497549460	0.0	0.0
nad9	784	T	0	5405	0	193	6	0	0	0	5598	6	5405	193	5598	0.9655234012147200	0.0	0.0
nad9	799	C	0	337	0	5362	0	0	10	0	5699	10	5362	337	5699	0.9408668187401300	0.0	0.0
nad9	802	T	0	4962	0	907	10	0	0	0	5869	10	4962	907	5869	0.8454591923666720	0.0	0.0
nad9	813	C	0	148	0	5550	0	0	7	0	5698	7	5550	148	5698	0.974025974025974	0.0	0.0
nad9	831	C	0	299	0	6168	0	0	10	0	6467	10	6168	299	6467	0.9537652698314520	0.0	0.0
nad9	838	C	0	346	0	4985	0	0	10	0	5331	10	4985	346	5331	0.9350966047645850	0.0	0.0
nad9	841	C	0	203	0	5646	0	0	10	0	5849	10	5646	203	5849	0.9652932125149600	0.0	0.0
nad9	849	C	0	246	0	5608	0	0	10	0	5854	10	5608	246	5854	0.95797745131534	0.0	0.0
nad9	853	C	0	198	0	5696	0	0	10	0	5894	10	5696	198	5894	0.9664065151001020	0.0	0.0
nad9	855	C	0	198	0	5723	0	0	10	0	5921	10	5723	198	5921	0.9665597027529130	0.0	0.0
nad9	861	T	0	5299	0	623	10	0	0	0	5922	10	5299	623	5922	0.8947990543735230	0.0	0.0
nad9	880	C	0	391	0	5981	0	0	10	0	6372	10	5981	391	6372	0.9386377903327060	0.0	0.0
nad9	893	C	0	6221	0	409	0	0	10	0	6630	10	409	6221	6630	0.06168929110105580	1.32383951033291e-05	0.00045767023071509200
nad9	909	T	0	6405	0	212	9	0	0	0	6617	9	6405	212	6617	0.9679613117727070	0.0	0.0
nad9	910	T	0	6220	0	512	9	0	0	0	6732	9	6220	512	6732	0.9239453357100420	0.0	0.0
nad9	915	T	0	6348	0	636	9	0	0	0	6984	9	6348	636	6984	0.9089347079037800	0.0	0.0
nad9	928	T	0	6878	0	189	9	0	0	0	7067	9	6878	189	7067	0.9732559784915810	0.0	0.0
nad9	954	C	0	264	0	7742	0	0	8	0	8006	8	7742	264	8006	0.9670247314514110	0.0	0.0
nad9	963	C	0	223	0	7764	0	0	8	0	7987	8	7764	223	7987	0.9720796293977710	0.0	0.0
nad9	964	T	0	7470	0	565	8	0	0	0	8035	8	7470	565	8035	0.9296826384567520	0.0	0.0
nad9	972	T	0	7750	0	536	6	0	0	0	8286	6	7750	536	8286	0.9353125754284340	0.0	0.0
nad9	981	C	0	357	0	8194	0	0	7	0	8551	7	8194	357	8551	0.9582504970178930	0.0	0.0
nad9	988	T	0	8000	0	529	7	0	0	0	8529	7	8000	529	8529	0.9379763160980190	0.0	0.0
nad9	1011	T	0	8557	0	306	8	0	0	0	8863	8	8557	306	8863	0.9654744443190790	0.0	0.0
nad9	1018	C	0	533	0	8435	0	0	8	0	8968	8	8435	533	8968	0.9405664585191790	0.0	0.0
nad9	1058	C	0	7175	0	499	0	0	5	0	7674	5	499	7175	7674	0.06502475892624450	4.02958020126844e-09	1.41012421704677e-07
rpl2	245	C	0	54	0	1013	0	0	4	0	1067	4	1013	54	1067	0.9493908153701970	0.0	0.0
rpl2	255	C	0	52	0	1070	0	0	4	0	1122	4	1070	52	1122	0.9536541889483070	0.0	0.0
rpl2	279	T	0	1063	0	70	3	0	0	0	1133	3	1063	70	1133	0.9382171226831420	0.0	0.0
rpl2	282	T	0	956	0	166	4	0	0	0	1122	4	956	166	1122	0.8520499108734400	0.0	0.0
rpl2	300	T	0	880	0	207	3	0	0	0	1087	3	880	207	1087	0.8095676172953080	0.0	0.0
rpl2	306	T	0	898	0	187	3	0	0	0	1085	3	898	187	1085	0.8276497695852540	0.0	0.0
rpl2	309	T	0	958	0	114	2	0	0	0	1072	2	958	114	1072	0.8936567164179100	0.0	0.0
rpl2	327	T	0	852	0	217	2	0	0	0	1069	2	852	217	1069	0.7970065481758650	0.0	0.0
rpl2	334	C	0	143	0	900	0	0	2	0	1043	2	900	143	1043	0.862895493767977	0.0	0.0
rpl2	378	T	0	788	0	30	2	0	0	0	818	2	788	30	818	0.9633251833740830	0.0	0.0
rpl2	385	T	0	766	0	51	0	0	0	0	817	0	766	51	817	0.9375764993880050	0.0	0.0
rpl2	397	C	0	31	0	741	0	0	0	0	772	0	741	31	772	0.9598445595854920	0.0	0.0
rpl2	402	T	0	711	0	54	0	0	0	0	765	0	711	54	765	0.9294117647058820	0.0	0.0
rpl2	534	T	0	567	0	43	3	0	0	0	610	3	567	43	610	0.9295081967213120	0.0	0.0
rpl2	676	C	0	47	0	70	0	0	3	0	117	3	70	47	117	0.5982905982905980	1.00925776661365e-59	3.74449122840603e-58
rpl2	822	C	0	99	0	90	0	0	1	0	189	1	90	99	189	0.47619047619047600	1.96204156543048e-64	7.32696752793063e-63
rpl2	1220	C	0	28	0	94	0	0	1	0	122	1	94	28	122	0.7704918032786890	3.63285967538455e-96	1.39167539798017e-94
rpl2	1451	C	0	95	0	411	0	0	0	0	506	0	411	95	506	0.8122529644268770	0.0	0.0
rpl2	1466	T	0	413	0	106	3	0	0	0	519	3	413	106	519	0.7957610789980730	0.0	0.0
rpl2	1469	T	0	421	0	97	3	0	0	0	518	3	421	97	518	0.8127413127413130	0.0	0.0
rpl2	1491	C	0	32	0	461	0	0	3	0	493	3	461	32	493	0.9350912778904670	0.0	0.0
rpl2	1547	T	0	367	0	117	5	0	0	0	484	5	367	117	484	0.7582644628099170	0.0	0.0
rpl2	1586	T	0	417	0	32	5	0	0	0	449	5	417	32	449	0.9287305122494430	0.0	0.0
rpl2	1667	T	0	327	0	24	1	0	0	0	351	1	327	24	351	0.9316239316239320	0.0	0.0
rpl2	1682	C	0	20	0	292	0	0	2	0	312	2	292	20	312	0.9358974358974360	0.0	0.0
rpl2	1692	C	0	16	0	285	0	0	2	0	301	2	285	16	301	0.946843853820598	0.0	0.0
rpl2	1728	C	0	21	0	263	0	0	2	0	284	2	263	21	284	0.926056338028169	7.00355112347e-312	2.89771927733517e-310
rpl2	1729	C	0	36	0	250	0	0	2	0	286	2	250	36	286	0.8741258741258740	6.36183640934425e-281	2.6039643334762e-279
rpl2	1745	T	0	229	0	29	2	0	0	0	258	2	229	29	258	0.8875968992248060	5.02759960498904e-261	2.04634544491277e-259
rpl2	1758	C	0	21	0	231	0	0	3	0	252	3	231	21	252	0.9166666666666670	2.21443157139296e-271	9.03158847921177e-270
rpl2	1763	T	0	224	0	33	3	0	0	0	257	3	224	33	257	0.8715953307393000	3.12032117291876e-251	1.26810739012247e-249
rpl2	1788	C	0	36	0	219	0	0	3	0	255	3	219	36	255	0.8588235294117650	1.6391144789701e-242	6.65128409293126e-241
rpl2	1808	T	0	246	0	35	3	0	0	0	281	3	246	35	281	0.8754448398576510	7.96094894220047e-277	3.25185075047497e-275
rpl2	1818	C	0	18	0	270	0	0	3	0	288	3	270	18	288	0.9375	5e-324	2.08e-322
rpl2	1824	C	0	32	0	245	0	0	2	0	277	2	245	32	277	0.8844765342960290	2.93791515093381e-278	1.20129085972486e-276
rpl2	1827	T	0	238	0	30	1	0	0	0	268	1	238	30	268	0.8880597014925370	2.38519303715739e-271	9.72309072073189e-270
rpl2	1830	T	0	271	0	29	1	0	0	0	300	1	271	29	300	0.9033333333333330	1.1481059195e-313	4.755200639237e-312
rpl2	1844	C	0	71	0	214	0	0	1	0	285	1	214	71	285	0.7508771929824560	1.68038378742343e-212	6.77413699749328e-211
rpl2	1854	T	0	257	0	40	1	0	0	0	297	1	257	40	297	0.8653198653198650	3.56134409630842e-286	1.46067990170249e-284
rpl2	1856	T	0	258	0	47	1	0	0	0	305	1	258	47	305	0.8459016393442620	1.0394761022221e-281	4.25685658180955e-280
rpl2	1862	T	0	266	0	35	1	0	0	0	301	1	266	35	301	0.8837209302325580	9.80935127408502e-302	4.04191695348127e-300
rpl2	1958	T	0	419	0	16	0	0	0	0	435	0	419	16	435	0.9632183908045980	0.0	0.0
rpl2	1968	T	0	391	0	33	0	0	0	0	424	0	391	33	424	0.9221698113207550	0.0	0.0
rpl2	1977	T	0	399	0	32	0	0	0	0	431	0	399	32	431	0.925754060324826	0.0	0.0
rpl2	1985	T	0	400	0	21	0	0	0	0	421	0	400	21	421	0.9501187648456060	0.0	0.0
rpl2	1988	T	0	366	0	53	0	0	0	0	419	0	366	53	419	0.8735083532219570	0.0	0.0
rpl2	1991	T	0	342	0	74	0	0	0	0	416	0	342	74	416	0.8221153846153850	0.0	0.0
rpl2	2028	T	0	299	0	36	0	0	0	0	335	0	299	36	335	0.8925373134328360	0.0	0.0
rpl2	2031	T	0	326	0	11	0	0	0	0	337	0	326	11	337	0.9673590504451040	0.0	0.0
rpl2	2037	T	0	312	0	19	0	0	0	0	331	0	312	19	331	0.9425981873111780	0.0	0.0
rpl2	2040	T	0	302	0	23	0	0	0	0	325	0	302	23	325	0.9292307692307690	0.0	0.0
rpl2	2069	T	0	250	0	28	0	0	0	0	278	0	250	28	278	0.8992805755395680	2.88019170432633e-288	1.1825172521781e-286
rpl2	2108	T	0	153	0	15	0	0	0	0	168	0	153	15	168	0.9107142857142860	3.92678752224142e-179	1.56333764466492e-177
rpl2	2148	C	0	5	0	157	0	0	0	0	162	0	157	5	162	0.9691358024691360	3.70651910455209e-196	1.48524058685758e-194
rpl2	2186	T	0	85	0	9	0	0	0	0	94	0	85	9	94	0.9042553191489360	1.74248789653087e-99	6.69754153013031e-98
rpl2	2192	C	0	6	0	84	0	0	0	0	90	0	84	6	90	0.9333333333333330	2.3749623890924e-101	9.1505164642174e-100
rpl2	2193	T	0	80	0	10	0	0	0	0	90	0	80	10	90	0.8888888888888890	2.85174382980843e-92	1.08983961953871e-90
rpl2	2202	C	0	6	0	82	0	0	0	0	88	0	82	6	88	0.9318181818181820	8.26952495775618e-99	3.1739601732927e-97
rpl2	2228	T	0	65	0	6	0	0	0	0	71	0	65	6	71	0.9154929577464790	2.86730375945053e-77	1.08440399310437e-75
rpl5	150	C	0	100	0	1210	0	0	1	0	1310	1	1210	100	1310	0.9236641221374050	0.0	0.0
rpl5	197	T	0	1054	0	152	2	0	0	0	1206	2	1054	152	1206	0.8739635157545610	0.0	0.0
rpl5	210	C	0	89	0	986	0	0	2	0	1075	2	986	89	1075	0.9172093023255810	0.0	0.0
rpl5	216	C	0	94	0	998	0	0	2	0	1092	2	998	94	1092	0.9139194139194140	0.0	0.0
rpl5	242	T	0	931	0	77	2	0	0	0	1008	2	931	77	1008	0.9236111111111110	0.0	0.0
rpl5	243	T	0	894	0	133	2	0	0	0	1027	2	894	133	1027	0.8704965920155790	0.0	0.0
rpl5	312	C	0	61	0	699	0	0	3	0	760	3	699	61	760	0.9197368421052630	0.0	0.0
rpl5	321	C	0	43	0	729	0	0	3	0	772	3	729	43	772	0.944300518134715	0.0	0.0
rpl5	323	C	0	45	0	734	0	0	3	0	779	3	734	45	779	0.9422336328626440	0.0	0.0
rpl5	329	T	0	659	0	83	3	0	0	0	742	3	659	83	742	0.8881401617250670	0.0	0.0
rpl5	335	C	0	45	0	715	0	0	3	0	760	3	715	45	760	0.9407894736842110	0.0	0.0
rpl5	345	C	0	554	0	216	0	0	3	0	770	3	216	554	770	0.2805194805194810	4.52298105113551e-97	1.73432181980879e-95
rpl5	347	T	0	655	0	109	3	0	0	0	764	3	655	109	764	0.8573298429319370	0.0	0.0
rpl5	372	T	0	590	0	95	2	0	0	0	685	2	590	95	685	0.8613138686131390	0.0	0.0
rpl5	377	T	0	598	0	96	2	0	0	0	694	2	598	96	694	0.861671469740634	0.0	0.0
rpl5	390	C	0	171	0	542	0	0	2	0	713	2	542	171	713	0.7601683029453020	0.0	0.0
rpl5	401	T	0	522	0	150	2	0	0	0	672	2	522	150	672	0.7767857142857140	0.0	0.0
rpl5	422	T	0	694	0	74	1	0	0	0	768	1	694	74	768	0.9036458333333330	0.0	0.0
rpl5	427	C	0	643	0	105	0	0	2	0	748	2	105	643	748	0.14037433155080200	4.27372661064302e-21	1.52964275677269e-19
rpl5	440	T	0	580	0	163	1	0	0	0	743	1	580	163	743	0.7806191117092870	0.0	0.0
rpl5	452	T	0	654	0	112	3	0	0	0	766	3	654	112	766	0.8537859007832900	0.0	0.0
rpl5	473	C	0	150	0	561	0	0	3	0	711	3	561	150	711	0.7890295358649790	0.0	0.0
rpl5	506	T	0	739	0	86	2	0	0	0	825	2	739	86	825	0.8957575757575760	0.0	0.0
rpl5	509	T	0	560	0	261	2	0	0	0	821	2	560	261	821	0.682095006090134	0.0	0.0
rpl5	513	T	0	544	0	294	2	0	0	0	838	2	544	294	838	0.649164677804296	0.0	0.0
rpl5	524	T	0	611	0	246	2	0	0	0	857	2	611	246	857	0.7129521586931160	0.0	0.0
rpl5	573	C	0	39	0	803	0	0	3	0	842	3	803	39	842	0.9536817102137770	0.0	0.0
rpl5	581	C	0	67	0	812	0	0	3	0	879	3	812	67	879	0.9237770193401590	0.0	0.0
rpl5	587	T	0	823	0	80	4	0	0	0	903	4	823	80	903	0.9114064230343300	0.0	0.0
rpl5	603	C	0	43	0	899	0	0	4	0	942	4	899	43	942	0.9543524416135880	0.0	0.0
rpl5	609	C	0	34	0	901	0	0	5	0	935	5	901	34	935	0.9636363636363640	0.0	0.0
rpl5	611	C	0	41	0	918	0	0	5	0	959	5	918	41	959	0.9572471324296140	0.0	0.0
rpl5	623	T	0	824	0	97	5	0	0	0	921	5	824	97	921	0.8946796959826280	0.0	0.0
rpl5	677	T	0	902	0	61	5	0	0	0	963	5	902	61	963	0.936656282450675	0.0	0.0
rpl5	681	C	0	60	0	914	0	0	5	0	974	5	914	60	974	0.9383983572895280	0.0	0.0
rpl5	750	C	0	890	0	78	0	0	2	0	968	2	78	890	968	0.08057851239669420	3.40756509493417e-05	0.001174495607721240
rpl5	849	C	0	561	0	100	0	0	2	0	661	2	100	561	661	0.15128593040847200	1.48059571355449e-22	5.32310044197226e-21
rpl5	866	T	0	497	0	20	2	0	0	0	517	2	497	20	517	0.9613152804642170	0.0	0.0
rpl5	905	C	0	261	0	33	0	0	0	0	294	0	33	261	294	0.11224489795918400	1.50385039382871e-05	0.0005194541795880450
rpl6	127	C	0	67	0	1207	0	0	14	0	1274	14	1207	67	1274	0.9474097331240190	0.0	0.0
rpl6	135	T	0	1080	0	356	14	0	0	0	1436	14	1080	356	1436	0.7520891364902510	0.0	0.0
rpl6	140	C	0	1334	0	133	0	0	15	0	1467	15	133	1334	1467	0.09066121336059990	7.02706442846574e-11	2.47311913378279e-09
rpl6	148	C	0	575	0	972	0	0	14	0	1547	14	972	575	1547	0.6283128636069810	0.0	0.0
rpl6	151	C	0	172	0	1387	0	0	14	0	1559	14	1387	172	1559	0.8896728672225790	0.0	0.0
rpl6	153	T	0	1219	0	352	13	0	0	0	1571	13	1219	352	1571	0.7759388924252070	0.0	0.0
rpl6	157	C	0	138	0	1468	0	0	13	0	1606	13	1468	138	1606	0.9140722291407220	0.0	0.0
rpl6	172	T	0	1482	0	428	13	0	0	0	1910	13	1482	428	1910	0.7759162303664920	0.0	0.0
rpl6	186	T	0	1840	0	186	18	0	0	0	2026	18	1840	186	2026	0.9081934846989140	0.0	0.0
rpl6	199	C	0	129	0	1998	0	0	18	0	2127	18	1998	129	2127	0.9393511988716500	0.0	0.0
rpl6	205	C	0	318	0	1879	0	0	18	0	2197	18	1879	318	2197	0.8552571688666360	0.0	0.0
rpl6	222	T	0	2035	0	215	18	0	0	0	2250	18	2035	215	2250	0.9044444444444450	0.0	0.0
rpl6	231	T	0	2137	0	127	19	0	0	0	2264	19	2137	127	2264	0.943904593639576	0.0	0.0
rpl6	237	T	0	1871	0	351	18	0	0	0	2222	18	1871	351	2222	0.8420342034203420	0.0	0.0
rpl6	255	T	0	1351	0	424	12	0	0	0	1775	12	1351	424	1775	0.7611267605633800	0.0	0.0
rpl6	263	C	0	1651	0	148	0	0	13	0	1799	13	148	1651	1799	0.08226792662590330	4.78193068567437e-09	1.67194330765556e-07
rpl6	264	C	0	176	0	1627	0	0	13	0	1803	13	1627	176	1803	0.9023849140321690	0.0	0.0
rpl6	283	C	0	135	0	1610	0	0	13	0	1745	13	1610	135	1745	0.9226361031518630	0.0	0.0
rpl6	285	C	0	112	0	1637	0	0	11	0	1749	11	1637	112	1749	0.9359634076615210	0.0	0.0
rpl6	306	T	0	1286	0	106	7	0	0	0	1392	7	1286	106	1392	0.9238505747126440	0.0	0.0
rpl6	318	T	0	1203	0	101	7	0	0	0	1304	7	1203	101	1304	0.9225460122699390	0.0	0.0
rpl6	322	C	0	114	0	1205	0	0	6	0	1319	6	1205	114	1319	0.913570887035633	0.0	0.0
rpl6	323	C	0	116	0	1196	0	0	6	0	1312	6	1196	116	1312	0.9115853658536590	0.0	0.0
rpl6	328	T	0	1159	0	115	7	0	0	0	1274	7	1159	115	1274	0.9097331240188380	0.0	0.0
rpl6	360	C	0	55	0	625	0	0	7	0	680	7	625	55	680	0.9191176470588240	0.0	0.0
rpl6	384	T	0	357	0	90	7	0	0	0	447	7	357	90	447	0.7986577181208050	0.0	0.0
rpl6	414	G	0	0	362	0	0	1	0	4	362	5	4	1	5	0.8	3e-05	0.0010349095607235100
rpl6	423	C	0	39	0	335	0	0	5	0	374	5	335	39	374	0.8957219251336900	0.0	0.0
rpl6	430	C	0	24	0	359	0	0	5	0	383	5	359	24	383	0.9373368146214100	0.0	0.0
rpl6	442	C	0	27	0	312	0	0	4	0	339	4	312	27	339	0.9203539823008850	0.0	0.0
rpl6	454	C	0	37	0	287	0	0	4	0	324	4	287	37	324	0.8858024691358030	0.0	0.0
rpl6	468	T	0	306	0	25	4	0	0	0	331	4	306	25	331	0.9244712990936560	0.0	0.0
rpl6	484	C	0	25	0	263	0	0	3	0	288	3	263	25	288	0.9131944444444440	1.26690507334296e-307	5.23370965368323e-306
rpl6	488	C	0	113	0	174	0	0	3	0	287	3	174	113	287	0.6062717770034840	2.29014267719141e-147	9.00122712111807e-146
rpl6	489	T	0	247	0	40	3	0	0	0	287	3	247	40	287	0.8606271777003490	8.38187970985439e-274	3.42204550723117e-272
rpl6	496	C	0	27	0	256	0	0	3	0	283	3	256	27	283	0.9045936395759720	8.75431219828775e-297	3.59978396153617e-295
rpl6	502	C	0	11	0	253	0	0	3	0	264	3	253	11	264	0.9583333333333330	3.4685433520534e-311	1.43436891887548e-309
rpl6	534	T	0	172	0	23	1	0	0	0	195	1	172	23	195	0.882051282051282	2.42856239396503e-195	9.72663524406935e-194
rpl6	544	C	0	12	0	158	0	0	0	0	170	0	158	12	170	0.9294117647058820	1.21388562485123e-188	4.84960929285951e-187
rpl16	17	C	0	3	0	104	0	0	0	0	107	0	104	3	107	0.9719626168224300	8.40295794880887e-131	3.28338408592921e-129
rpl16	37	C	0	7	0	292	0	0	0	0	299	0	292	7	299	0.9765886287625420	0.0	0.0
rpl16	38	T	0	297	0	14	0	0	0	0	311	0	297	14	311	0.954983922829582	0.0	0.0
rpl16	73	C	0	53	0	447	0	0	0	0	500	0	447	53	500	0.894	0.0	0.0
rpl16	93	T	0	621	0	20	0	0	0	0	641	0	621	20	641	0.968798751950078	0.0	0.0
rpl16	110	T	0	711	0	26	0	0	0	0	737	0	711	26	737	0.9647218453188600	0.0	0.0
rpl16	119	T	0	646	0	160	0	0	0	0	806	0	646	160	806	0.8014888337468980	0.0	0.0
rpl16	158	T	0	1158	0	124	0	0	0	0	1282	0	1158	124	1282	0.9032761310452420	0.0	0.0
rpl16	169	C	0	425	0	938	0	0	1	0	1363	1	938	425	1363	0.6881878209831260	0.0	0.0
rpl16	210	T	0	1665	0	104	1	0	0	0	1769	1	1665	104	1769	0.9412097230073490	0.0	0.0
rpl16	215	T	0	1706	0	75	0	0	0	0	1781	0	1706	75	1781	0.9578888265019650	0.0	0.0
rpl16	234	G	0	0	2055	0	0	1	0	3	2055	4	3	1	4	0.75	0.0004812500000000000	0.016502177868150700
rpl16	243	C	0	160	0	1909	0	0	6	0	2069	6	1909	160	2069	0.9226679555340740	0.0	0.0
rpl16	257	T	0	2100	0	47	6	0	0	0	2147	6	2100	47	2147	0.9781089892873780	0.0	0.0
rpl16	289	C	0	2023	0	269	0	0	7	0	2292	7	269	2023	2292	0.11736474694589900	3.68695508954694e-37	1.35163604843428e-35
rpl16	383	T	0	2397	0	99	5	0	0	0	2496	5	2397	99	2496	0.9603365384615380	0.0	0.0
rpl16	393	C	0	186	0	2308	0	0	4	0	2494	4	2308	186	2494	0.92542101042502	0.0	0.0
rpl16	394	C	0	422	0	2088	0	0	4	0	2510	4	2088	422	2510	0.8318725099601590	0.0	0.0
rpl16	399	C	0	221	0	2252	0	0	4	0	2473	4	2252	221	2473	0.9106348564496560	0.0	0.0
rpl16	417	T	0	1903	0	51	4	0	0	0	1954	4	1903	51	1954	0.973899692937564	0.0	0.0
rpl16	423	T	0	1818	0	131	4	0	0	0	1949	4	1818	131	1949	0.9327860441251920	0.0	0.0
rpl16	425	T	0	1833	0	133	4	0	0	0	1966	4	1833	133	1966	0.9323499491353000	0.0	0.0
rpl16	456	C	0	59	0	1642	0	0	1	0	1701	1	1642	59	1701	0.9653145208700760	0.0	0.0
rpl16	458	C	0	87	0	1579	0	0	1	0	1666	1	1579	87	1666	0.9477791116446580	0.0	0.0
rps1	5	C	0	0	0	21	0	0	1	0	21	1	21	0	21	1.0	4.76837158203127e-28	1.73222721298807e-26
rps1	32	T	0	302	0	13	2	0	0	0	315	2	302	13	315	0.9587301587301590	0.0	0.0
rps1	53	T	0	392	0	39	2	0	0	0	431	2	392	39	431	0.9095127610208820	0.0	0.0
rps1	197	T	0	1475	0	48	4	0	0	0	1523	4	1475	48	1523	0.9684832567301380	0.0	0.0
rps1	213	C	0	81	0	1476	0	0	4	0	1557	4	1476	81	1557	0.9479768786127170	0.0	0.0
rps1	231	C	0	46	0	1625	0	0	3	0	1671	3	1625	46	1671	0.9724715739078400	0.0	0.0
rps1	257	C	0	49	0	1764	0	0	2	0	1813	2	1764	49	1813	0.972972972972973	0.0	0.0
rps1	308	T	0	1727	0	99	2	0	0	0	1826	2	1727	99	1826	0.9457831325301210	0.0	0.0
rps1	335	C	0	49	0	1598	0	0	1	0	1647	1	1598	49	1647	0.9702489374620520	0.0	0.0
rps1	396	T	0	1248	0	42	2	0	0	0	1290	2	1248	42	1290	0.9674418604651160	0.0	0.0
rps1	415	C	0	1161	0	93	0	0	4	0	1254	4	93	1161	1254	0.07416267942583730	0.0001385500452145090	0.004761104985745440
rps1	417	C	0	19	0	1188	0	0	4	0	1207	4	1188	19	1207	0.9842584921292460	0.0	0.0
rps1	420	T	0	1182	0	36	3	0	0	0	1218	3	1182	36	1218	0.9704433497536950	0.0	0.0
rps1	423	C	0	53	0	1170	0	0	4	0	1223	4	1170	53	1223	0.9566639411283730	0.0	0.0
rps1	446	T	0	865	0	15	2	0	0	0	880	2	865	15	880	0.9829545454545450	0.0	0.0
rps1	447	T	0	859	0	22	3	0	0	0	881	3	859	22	881	0.9750283768444950	0.0	0.0
rps1	456	C	0	38	0	849	0	0	3	0	887	3	849	38	887	0.9571589627959410	0.0	0.0
rps1	457	C	0	235	0	667	0	0	2	0	902	2	667	235	902	0.7394678492239470	0.0	0.0
rps1	485	C	0	539	0	412	0	0	1	0	951	1	412	539	951	0.4332281808622500	1.00432587231194e-267	4.09198937049497e-266
rps1	527	C	0	1043	0	98	0	0	1	0	1141	1	98	1043	1141	0.08588957055214720	2.43114593240569e-07	8.47062424869771e-06
rps1	600	T	0	1337	0	55	0	0	0	0	1392	0	1337	55	1392	0.9604885057471260	0.0	0.0
rps1	602	T	0	1344	0	68	0	0	0	0	1412	0	1344	68	1412	0.9518413597733710	0.0	0.0
rps1	618	C	0	73	0	1146	0	0	0	0	1219	0	1146	73	1219	0.9401148482362590	0.0	0.0
rps1	619	C	0	132	0	1099	0	0	0	0	1231	0	1099	132	1231	0.892770105605199	0.0	0.0
rps1	626	C	0	97	0	1174	0	0	0	0	1271	0	1174	97	1271	0.923682140047207	0.0	0.0
rps1	633	C	0	73	0	1168	0	0	0	0	1241	0	1168	73	1241	0.9411764705882350	0.0	0.0
rps1	639	C	0	1011	0	154	0	0	0	0	1165	0	154	1011	1165	0.13218884120171700	2.67611372965603e-27	9.71282564444527e-26
rps1	657	C	0	54	0	1115	0	0	0	0	1169	0	1115	54	1169	0.9538066723695470	0.0	0.0
rps1	715	C	0	129	0	829	0	0	0	0	958	0	829	129	958	0.8653444676409190	0.0	0.0
rps1	775	T	0	55	0	214	0	0	0	0	269	0	55	214	269	0.20446096654275100	5.341976428066e-19	1.90687609554787e-17
rps1	783	T	0	119	0	103	0	0	0	0	222	0	119	103	222	0.536036036036036	1.62353139827287e-92	6.20754711524838e-91
rps1	795	T	0	85	0	91	0	0	0	0	176	0	85	91	176	0.48295454545454500	1.33605237474184e-61	4.97307004282394e-60
rps1	798	C	0	105	0	60	0	0	0	0	165	0	60	105	165	0.36363636363636400	2.63308757888993e-35	9.63084845864115e-34
rps1	805	C	0	16	0	119	0	0	0	0	135	0	119	16	135	0.8814814814814820	1.53837246850435e-135	6.01692927110035e-134
rps2	85	T	0	874	0	37	38	0	0	0	911	38	874	37	911	0.9593852908891330	0.0	0.0
rps2	95	C	0	803	0	139	0	0	37	0	942	37	139	803	942	0.1475583864118900	1.50800901925947e-29	5.48567386288476e-28
rps2	101	T	0	927	0	25	40	0	0	0	952	40	927	25	952	0.9737394957983190	0.0	0.0
rps2	104	C	0	28	0	929	0	0	41	0	957	41	929	28	957	0.9707419017763850	0.0	0.0
rps2	109	T	0	939	0	46	42	0	0	0	985	42	939	46	985	0.9532994923857870	0.0	0.0
rps2	110	T	0	957	0	36	43	0	0	0	993	43	957	36	993	0.9637462235649550	0.0	0.0
rps2	115	C	0	36	0	975	0	0	43	0	1011	43	975	36	1011	0.9643916913946590	0.0	0.0
rps2	130	T	0	1020	0	88	44	0	0	0	1108	44	1020	88	1108	0.9205776173285200	0.0	0.0
rps2	161	C	0	1140	0	117	0	0	60	0	1257	60	117	1140	1257	0.09307875894988070	1.95735686743454e-10	6.87969283875567e-09
rps2	166	C	0	1046	0	108	0	0	58	0	1154	58	108	1046	1154	0.09358752166377820	6.91233115740795e-10	2.42634334080058e-08
rps2	232	T	0	1066	0	115	54	0	0	0	1181	54	1066	115	1181	0.9026248941574940	0.0	0.0
rps2	242	C	0	48	0	1185	0	0	56	0	1233	56	1185	48	1233	0.9610705596107060	0.0	0.0
rps2	260	C	0	71	0	1282	0	0	37	0	1353	37	1282	71	1353	0.9475240206947520	0.0	0.0
rps2	268	T	0	1336	0	79	37	0	0	0	1415	37	1336	79	1415	0.9441696113074210	0.0	0.0
rps2	292	T	0	1267	0	93	26	0	0	0	1360	26	1267	93	1360	0.9316176470588240	0.0	0.0
rps2	425	T	0	1763	0	52	83	0	0	0	1815	83	1763	52	1815	0.9713498622589530	0.0	0.0
rps2	431	T	0	1557	0	296	82	0	0	0	1853	82	1557	296	1853	0.8402590393955750	0.0	0.0
rps2	475	T	0	1419	0	94	86	0	0	0	1513	86	1419	94	1513	0.937871777924653	0.0	0.0
rps2	481	C	0	50	0	1493	0	0	80	0	1543	80	1493	50	1543	0.9675955930006480	0.0	0.0
rps2	492	C	0	1444	0	121	0	0	78	0	1565	78	121	1444	1565	0.07731629392971250	2.40986121670642e-06	8.36372197489679e-05
rps2	515	T	0	1699	0	40	92	0	0	0	1739	92	1699	40	1739	0.9769982748706150	0.0	0.0
rps2	549	T	0	107	0	1168	87	0	0	0	1275	87	107	1168	1275	0.08392156862745100	2.20187906750886e-07	7.6751486973714e-06
rps2	561	C	0	554	0	694	0	0	80	0	1248	80	694	554	1248	0.5560897435897440	0.0	0.0
rps2	581	T	0	1085	0	24	65	0	0	0	1109	65	1085	24	1109	0.9783588818755640	0.0	0.0
rps2	598	T	0	1071	0	30	72	0	0	0	1101	72	1071	30	1101	0.9727520435967300	0.0	0.0
rps2	609	C	0	128	0	997	0	0	70	0	1125	70	997	128	1125	0.8862222222222220	0.0	0.0
rps2	625	T	0	849	0	56	72	0	0	0	905	72	849	56	905	0.938121546961326	0.0	0.0
rps2	628	T	0	896	0	47	74	0	0	0	943	74	896	47	943	0.9501590668080590	0.0	0.0
rps2	634	T	0	921	0	33	75	0	0	0	954	75	921	33	954	0.9654088050314470	0.0	0.0
rps2	653	C	0	62	0	994	0	0	61	0	1056	61	994	62	1056	0.9412878787878790	0.0	0.0
rps2	663	T	0	228	0	582	61	0	0	0	810	61	228	582	810	0.2814814814814820	1.08315404489331e-102	4.1793258816977e-101
rps2	694	T	0	958	0	45	61	0	0	0	1003	61	958	45	1003	0.9551345962113660	0.0	0.0
rps2	698	C	0	53	0	988	0	0	59	0	1041	59	988	53	1041	0.9490874159462060	0.0	0.0
rps2	700	T	0	1070	0	24	59	0	0	0	1094	59	1070	24	1094	0.9780621572212070	0.0	0.0
rps2	706	T	0	1067	0	43	64	0	0	0	1110	64	1067	43	1110	0.9612612612612610	0.0	0.0
rps2	707	T	0	1068	0	54	64	0	0	0	1122	64	1068	54	1122	0.9518716577540110	0.0	0.0
rps2	713	C	0	117	0	1046	0	0	62	0	1163	62	1046	117	1163	0.8993981083404990	0.0	0.0
rps2	716	T	0	1009	0	143	60	0	0	0	1152	60	1009	143	1152	0.8758680555555560	0.0	0.0
rps2	761	T	0	1312	0	47	75	0	0	0	1359	75	1312	47	1359	0.9654157468727010	0.0	0.0
rps2	767	T	0	1115	0	253	74	0	0	0	1368	74	1115	253	1368	0.8150584795321640	0.0	0.0
rps2	773	T	0	1191	0	138	76	0	0	0	1329	76	1191	138	1329	0.8961625282167040	0.0	0.0
rps2	806	C	0	70	0	1231	0	0	89	0	1301	89	1231	70	1301	0.9461952344350500	0.0	0.0
rps2	814	T	0	1177	0	106	89	0	0	0	1283	89	1177	106	1283	0.9173811379579110	0.0	0.0
rps2	830	T	0	929	0	51	97	0	0	0	980	97	929	51	980	0.9479591836734690	0.0	0.0
rps2	853	T	0	802	0	98	98	0	0	0	900	98	802	98	900	0.8911111111111110	0.0	0.0
rps2	860	C	0	31	0	841	0	0	101	0	872	101	841	31	872	0.9644495412844040	0.0	0.0
rps2	861	C	0	43	0	840	0	0	95	0	883	95	840	43	883	0.9513023782559460	0.0	0.0
rps2	873	C	0	138	0	681	0	0	77	0	819	77	681	138	819	0.8315018315018320	0.0	0.0
rps2	892	C	0	65	0	490	0	0	79	0	555	79	490	65	555	0.8828828828828830	0.0	0.0
rps2	911	C	0	90	0	489	0	0	75	0	579	75	489	90	579	0.844559585492228	0.0	0.0
rps2	912	C	0	74	0	506	0	0	75	0	580	75	506	74	580	0.8724137931034480	0.0	0.0
rps2	913	C	0	64	0	529	0	0	72	0	593	72	529	64	593	0.8920741989881960	0.0	0.0
rps2	915	C	0	403	0	193	0	0	72	0	596	72	193	403	596	0.3238255033557050	3.26002296210929e-99	1.25184256620747e-97
rps2	942	C	0	474	0	142	0	0	60	0	616	60	142	474	616	0.2305194805194810	6.26686518095479e-53	2.31437729241513e-51
rps2	945	C	0	139	0	476	0	0	60	0	615	60	476	139	615	0.7739837398373980	0.0	0.0
rps2	947	C	0	197	0	417	0	0	57	0	614	57	417	197	614	0.6791530944625410	0.0	0.0
rps2	955	C	0	410	0	196	0	0	55	0	606	55	196	410	606	0.3234323432343230	1.28643182630952e-100	4.94936417632302e-99
rps2	966	C	0	92	0	492	0	0	50	0	584	50	492	92	584	0.8424657534246580	0.0	0.0
rps2	973	C	0	165	0	416	0	0	46	0	581	46	416	165	581	0.7160068846815840	0.0	0.0
rps2	977	C	0	479	0	64	0	0	41	0	543	41	64	479	543	0.11786372007366500	3.30023873090406e-10	1.158946614743e-08
rps2	983	C	0	135	0	332	0	0	42	0	467	42	332	135	467	0.7109207708779440	4.243327695e-315	1.75840162975e-313
rps2	984	C	0	75	0	384	0	0	40	0	459	40	384	75	459	0.8366013071895430	0.0	0.0
rps2	994	C	0	57	0	393	0	0	30	0	450	30	393	57	450	0.8733333333333330	0.0	0.0
rps2	997	C	0	113	0	331	0	0	29	0	444	29	331	113	444	0.7454954954954960	0.0	0.0
rps2	1000	C	0	49	0	378	0	0	28	0	427	28	378	49	427	0.8852459016393440	0.0	0.0
rps2	1004	C	0	176	0	253	0	0	26	0	429	26	253	176	429	0.5897435897435900	4.48651156568214e-209	1.80683031389779e-207
rps2	1009	C	0	300	0	122	0	0	23	0	422	23	122	300	422	0.2890995260663510	3.10496081818394e-57	1.15145171971375e-55
rps2	1014	C	0	275	0	76	0	0	26	0	351	26	76	275	351	0.21652421652421700	2.77474715265755e-27	1.00662498379608e-25
rps2	1041	C	0	238	0	53	0	0	20	0	291	20	53	238	291	0.18213058419244000	4.169007371543e-16	1.47960048061736e-14
rps2	1047	C	0	207	0	46	0	0	16	0	253	16	46	207	253	0.18181818181818200	3.6644809667533e-14	1.29594814304138e-12
rps2	1063	C	0	61	0	68	0	0	14	0	129	14	68	61	129	0.5271317829457370	6.14538029003199e-53	2.27055928040656e-51
rps2	1064	C	0	24	0	93	0	0	12	0	117	12	93	24	117	0.7948717948717950	1.65302081300412e-97	6.34148817831686e-96
rps2	1065	C	0	17	0	98	0	0	11	0	115	11	98	17	115	0.8521739130434780	1.16146184439823e-108	4.50316634365862e-107
rps2	1068	C	0	64	0	30	0	0	8	0	94	8	30	64	94	0.3191489361702130	1.26582049964709e-16	4.49843627607504e-15
rps2	1070	C	0	57	0	23	0	0	6	0	80	6	23	57	80	0.2875	4.99513897144481e-12	1.76109428649063e-10
rps3	51	T	0	51	0	3	2	0	0	0	54	2	51	3	54	0.9444444444444440	9.47288103514406e-63	3.52928705431214e-61
rps3	53	T	0	52	0	3	2	0	0	0	55	2	52	3	55	0.9454545454545450	5.00940944281332e-64	1.868950699526e-62
rps3	111	C	0	18	0	320	0	0	2	0	338	2	320	18	338	0.9467455621301780	0.0	0.0
rps3	116	T	0	351	0	20	2	0	0	0	371	2	351	20	371	0.9460916442048520	0.0	0.0
rps3	129	T	0	414	0	27	2	0	0	0	441	2	414	27	441	0.9387755102040820	0.0	0.0
rps3	149	C	0	42	0	497	0	0	2	0	539	2	497	42	539	0.922077922077922	0.0	0.0
rps3	173	C	0	43	0	524	0	0	2	0	567	2	524	43	567	0.9241622574955910	0.0	0.0
rps3	754	C	0	27	0	47	0	0	2	0	74	2	47	27	74	0.6351351351351350	2.15306145258119e-42	7.90758956784313e-41
rps3	847	C	0	53	0	47	0	0	1	0	100	1	47	53	100	0.47	4.20040320256581e-34	1.53354921299875e-32
rps3	1640	T	0	566	0	69	1	0	0	0	635	1	566	69	635	0.8913385826771650	0.0	0.0
rps3	1856	T	0	319	0	26	0	0	0	0	345	0	319	26	345	0.9246376811594200	0.0	0.0
rps3	1859	T	0	318	0	31	2	0	0	0	349	2	318	31	349	0.9111747851002870	0.0	0.0
rps3	1866	T	0	284	0	49	2	0	0	0	333	2	284	49	333	0.8528528528528530	4.182305168504e-312	1.7313230418992e-310
rps3	1880	T	0	248	0	69	3	0	0	0	317	3	248	69	317	0.7823343848580440	4.77841454789681e-254	1.94393378423377e-252
rps3	1883	T	0	247	0	69	3	0	0	0	316	3	247	69	316	0.7816455696202530	7.47708196687327e-253	3.04024984624611e-251
rps3	1886	T	0	245	0	68	3	0	0	0	313	3	245	68	313	0.7827476038338660	4.2226060989358e-251	1.71520889318943e-249
rps3	1889	T	0	234	0	68	4	0	0	0	302	4	234	68	302	0.7748344370860930	5.56305552744457e-238	2.25512081912634e-236
rps3	1892	T	0	235	0	79	4	0	0	0	314	4	235	79	314	0.7484076433121020	1.38926591741978e-232	5.62319244654669e-231
rps3	1895	T	0	213	0	98	4	0	0	0	311	4	213	98	311	0.684887459807074	3.61951727430619e-197	1.45110396749987e-195
rps3	1901	T	0	185	0	95	4	0	0	0	280	4	185	95	280	0.6607142857142860	6.31470459948075e-167	2.50406172191885e-165
rps3	2386	C	0	14	0	500	0	0	5	0	514	5	500	14	514	0.9727626459143970	0.0	0.0
rps3	2387	C	0	16	0	503	0	0	5	0	519	5	503	16	519	0.9691714836223510	0.0	0.0
rps3	2487	C	0	26	0	532	0	0	5	0	558	5	532	26	558	0.953405017921147	0.0	0.0
rps3	2840	C	0	43	0	93	0	0	0	0	136	0	93	43	136	0.6838235294117650	5.96861441094831e-87	2.27232866704269e-85
rps3	2870	T	0	223	0	162	1	0	0	0	385	1	223	162	385	0.5792207792207790	4.80600764967047e-182	1.91527773509405e-180
rps3	2981	C	0	24	0	592	0	0	2	0	616	2	592	24	616	0.961038961038961	0.0	0.0
rps3	3002	T	0	602	0	58	1	0	0	0	660	1	602	58	660	0.9121212121212120	0.0	0.0
rps3	3024	C	0	46	0	539	0	0	1	0	585	1	539	46	585	0.9213675213675210	0.0	0.0
rps3	3036	C	0	47	0	595	0	0	1	0	642	1	595	47	642	0.926791277258567	0.0	0.0
rps3	3179	C	0	50	0	842	0	0	0	0	892	0	842	50	892	0.9439461883408070	0.0	0.0
rps3	3212	C	0	47	0	925	0	0	0	0	972	0	925	47	972	0.9516460905349790	0.0	0.0
rps3	3230	T	0	903	0	58	0	0	0	0	961	0	903	58	961	0.9396462018730490	0.0	0.0
rps3	3233	C	0	30	0	947	0	0	0	0	977	0	947	30	977	0.9692937563971340	0.0	0.0
rps3	3264	C	0	47	0	1011	0	0	3	0	1058	3	1011	47	1058	0.9555765595463140	0.0	0.0
rps3	3275	C	0	37	0	1006	0	0	3	0	1043	3	1006	37	1043	0.9645254074784280	0.0	0.0
rps3	3302	T	0	1021	0	63	4	0	0	0	1084	4	1021	63	1084	0.9418819188191880	0.0	0.0
rps3	3309	C	0	48	0	1020	0	0	4	0	1068	4	1020	48	1068	0.9550561797752810	0.0	0.0
rps3	3311	C	0	95	0	959	0	0	3	0	1054	3	959	95	1054	0.9098671726755220	0.0	0.0
rps3	3318	T	0	999	0	69	4	0	0	0	1068	4	999	69	1068	0.9353932584269660	0.0	0.0
rps3	3326	T	0	943	0	90	4	0	0	0	1033	4	943	90	1033	0.9128751210067760	0.0	0.0
rps3	3359	C	0	35	0	896	0	0	7	0	931	7	896	35	931	0.9624060150375940	0.0	0.0
rps3	3365	C	0	92	0	841	0	0	7	0	933	7	841	92	933	0.9013933547695610	0.0	0.0
rps3	3398	T	0	768	0	75	6	0	0	0	843	6	768	75	843	0.9110320284697510	0.0	0.0
rps3	3408	C	0	38	0	777	0	0	5	0	815	5	777	38	815	0.9533742331288340	0.0	0.0
rps3	3434	C	0	43	0	748	0	0	4	0	791	4	748	43	791	0.9456384323640960	0.0	0.0
rps3	3435	C	0	67	0	723	0	0	4	0	790	4	723	67	790	0.9151898734177220	0.0	0.0
rps3	3464	C	0	36	0	738	0	0	3	0	774	3	738	36	774	0.9534883720930230	0.0	0.0
rps3	3467	T	0	749	0	28	3	0	0	0	777	3	749	28	777	0.963963963963964	0.0	0.0
rps3	3477	T	0	736	0	89	3	0	0	0	825	3	736	89	825	0.8921212121212120	0.0	0.0
rps3	3480	C	0	34	0	808	0	0	3	0	842	3	808	34	842	0.9596199524940620	0.0	0.0
rps3	3488	T	0	818	0	42	3	0	0	0	860	3	818	42	860	0.9511627906976740	0.0	0.0
rps3	3498	C	0	49	0	838	0	0	3	0	887	3	838	49	887	0.9447576099210820	0.0	0.0
rps3	3507	C	0	57	0	717	0	0	2	0	774	2	717	57	774	0.9263565891472870	0.0	0.0
rps3	3530	T	0	862	0	32	2	0	0	0	894	2	862	32	894	0.9642058165548100	0.0	0.0
rps3	3551	T	0	888	0	28	2	0	0	0	916	2	888	28	916	0.9694323144104800	0.0	0.0
rps3	3554	T	0	920	0	41	2	0	0	0	961	2	920	41	961	0.9573361082206040	0.0	0.0
rps3	3587	T	0	1043	0	37	2	0	0	0	1080	2	1043	37	1080	0.9657407407407410	0.0	0.0
rps3	3596	C	0	50	0	1079	0	0	2	0	1129	2	1079	50	1129	0.9557130203720110	0.0	0.0
rps3	3599	C	0	51	0	1070	0	0	2	0	1121	2	1070	51	1121	0.9545049063336310	0.0	0.0
rps3	3605	T	0	1049	0	53	0	0	0	0	1102	0	1049	53	1102	0.9519056261343010	0.0	0.0
rps3	3609	C	0	47	0	1074	0	0	0	0	1121	0	1074	47	1121	0.9580731489741300	0.0	0.0
rps3	3657	T	0	964	0	81	0	0	0	0	1045	0	964	81	1045	0.9224880382775120	0.0	0.0
rps3	3672	C	0	69	0	1057	0	0	0	0	1126	0	1057	69	1126	0.9387211367673180	0.0	0.0
rps3	3705	T	0	1328	0	311	0	0	0	0	1639	0	1328	311	1639	0.8102501525320320	0.0	0.0
rps3	3726	C	0	50	0	1667	0	0	0	0	1717	0	1667	50	1717	0.970879440885265	0.0	0.0
rps3	3746	C	0	30	0	1540	0	0	0	0	1570	0	1540	30	1570	0.9808917197452230	0.0	0.0
rps3	3747	T	0	1510	0	61	0	0	0	0	1571	0	1510	61	1571	0.9611712285168680	0.0	0.0
rps3	3782	C	0	158	0	1406	0	0	0	0	1564	0	1406	158	1564	0.8989769820971870	0.0	0.0
rps3	3802	T	0	1521	0	36	0	0	0	0	1557	0	1521	36	1557	0.976878612716763	0.0	0.0
rps3	3819	T	0	1348	0	43	0	0	0	0	1391	0	1348	43	1391	0.9690869877785770	0.0	0.0
rps3	3828	T	0	1099	0	269	0	0	0	0	1368	0	1099	269	1368	0.8033625730994150	0.0	0.0
rps3	3867	T	0	606	0	66	0	0	0	0	672	0	606	66	672	0.9017857142857140	0.0	0.0
rps3	3878	C	0	201	0	459	0	0	0	0	660	0	459	201	660	0.6954545454545450	0.0	0.0
rps3	3919	T	0	263	0	18	0	0	0	0	281	0	263	18	281	0.9359430604982210	2.87432449e-315	1.1917139777e-313
rps3	3924	T	0	265	0	9	0	0	0	0	274	0	265	9	274	0.9671532846715330	0.0	0.0
rps3	3952	C	0	16	0	127	0	0	0	0	143	0	127	16	143	0.8881118881118880	1.59227220470345e-145	6.25523237573102e-144
rps3	3966	T	0	7	0	0	0	0	0	0	7	0	7	0	7	1.0	7.81249999999999e-10	2.74111640385457e-08
rps4	172	C	0	32	0	1610	0	0	1	0	1642	1	1610	32	1642	0.9805115712545680	0.0	0.0
rps4	173	C	0	495	0	1202	0	0	1	0	1697	1	1202	495	1697	0.7083087802003540	0.0	0.0
rps4	180	C	0	52	0	1761	0	0	1	0	1813	1	1761	52	1813	0.9713182570325430	0.0	0.0
rps4	186	T	0	1543	0	293	2	0	0	0	1836	2	1543	293	1836	0.8404139433551200	0.0	0.0
rps4	243	C	0	50	0	2509	0	0	4	0	2559	4	2509	50	2559	0.980461117624072	0.0	0.0
rps4	267	T	0	2606	0	141	4	0	0	0	2747	4	2606	141	2747	0.9486712777575540	0.0	0.0
rps4	323	C	0	1883	0	678	0	0	5	0	2561	5	678	1883	2561	0.26474033580632600	1.24671953349109e-283	5.1081702338467e-282
rps4	384	T	0	2292	0	160	6	0	0	0	2452	6	2292	160	2452	0.9347471451876020	0.0	0.0
rps4	412	C	0	36	0	2444	0	0	5	0	2480	5	2444	36	2480	0.9854838709677420	0.0	0.0
rps4	423	T	0	2250	0	107	5	0	0	0	2357	5	2250	107	2357	0.9546033092914720	0.0	0.0
rps4	430	C	0	108	0	2236	0	0	5	0	2344	5	2236	108	2344	0.9539249146757680	0.0	0.0
rps4	439	C	0	63	0	1978	0	0	5	0	2041	5	1978	63	2041	0.9691327780499760	0.0	0.0
rps4	468	T	0	1817	0	127	8	0	0	0	1944	8	1817	127	1944	0.9346707818930040	0.0	0.0
rps4	553	C	0	20	0	1173	0	0	8	0	1193	8	1173	20	1193	0.9832355406538140	0.0	0.0
rps4	558	T	0	1128	0	40	10	0	0	0	1168	10	1128	40	1168	0.9657534246575340	0.0	0.0
rps4	564	C	0	32	0	1168	0	0	10	0	1200	10	1168	32	1200	0.9733333333333330	0.0	0.0
rps4	566	C	0	1103	0	102	0	0	10	0	1205	10	102	1103	1205	0.08464730290456430	2.78008568951907e-07	9.68219234355898e-06
rps4	570	C	0	51	0	1163	0	0	8	0	1214	8	1163	51	1214	0.9579901153212520	0.0	0.0
rps4	585	T	0	1290	0	65	4	0	0	0	1355	4	1290	65	1355	0.9520295202952030	0.0	0.0
rps4	594	T	0	969	0	109	5	0	0	0	1078	5	969	109	1078	0.898886827458256	0.0	0.0
rps4	598	C	0	98	0	985	0	0	5	0	1083	5	985	98	1083	0.9095106186518930	0.0	0.0
rps4	622	C	0	59	0	1100	0	0	6	0	1159	6	1100	59	1159	0.9490940465918900	0.0	0.0
rps4	627	C	0	28	0	1119	0	0	6	0	1147	6	1119	28	1147	0.9755884917175240	0.0	0.0
rps4	629	C	0	909	0	237	0	0	6	0	1146	6	237	909	1146	0.20680628272251300	4.39841060050639e-77	1.66189380151775e-75
rps4	646	T	0	1185	0	39	5	0	0	0	1224	5	1185	39	1224	0.9681372549019610	0.0	0.0
rps4	647	C	0	1045	0	169	0	0	6	0	1214	6	169	1045	1214	0.13920922570016500	1.93906517612932e-32	7.07299629955878e-31
rps4	652	C	0	34	0	1154	0	0	7	0	1188	7	1154	34	1188	0.9713804713804710	0.0	0.0
rps4	653	C	0	39	0	1157	0	0	7	0	1196	7	1157	39	1196	0.967391304347826	0.0	0.0
rps4	660	C	0	63	0	1075	0	0	8	0	1138	8	1075	63	1138	0.9446397188049210	0.0	0.0
rps4	676	C	0	23	0	1038	0	0	8	0	1061	8	1038	23	1061	0.9783223374175310	0.0	0.0
rps4	678	C	0	43	0	1000	0	0	8	0	1043	8	1000	43	1043	0.9587727708533080	0.0	0.0
rps4	680	C	0	672	0	381	0	0	7	0	1053	7	381	672	1053	0.36182336182336200	1.20332084223658e-213	4.85583909848034e-212
rps4	696	T	0	891	0	76	11	0	0	0	967	11	891	76	967	0.921406411582213	0.0	0.0
rps4	706	C	0	46	0	913	0	0	11	0	959	11	913	46	959	0.9520333680917620	0.0	0.0
rps4	723	T	0	804	0	66	12	0	0	0	870	12	804	66	870	0.9241379310344830	0.0	0.0
rps4	744	T	0	604	0	61	12	0	0	0	665	12	604	61	665	0.9082706766917290	0.0	0.0
rps4	765	T	0	556	0	22	12	0	0	0	578	12	556	22	578	0.9619377162629760	0.0	0.0
rps4	774	T	0	549	0	34	12	0	0	0	583	12	549	34	583	0.9416809605488850	0.0	0.0
rps4	783	T	0	561	0	57	11	0	0	0	618	11	561	57	618	0.9077669902912620	0.0	0.0
rps4	793	C	0	12	0	655	0	0	13	0	667	13	655	12	667	0.9820089955022490	0.0	0.0
rps4	805	C	0	23	0	506	0	0	10	0	529	10	506	23	529	0.9565217391304350	0.0	0.0
rps4	806	C	0	29	0	497	0	0	10	0	526	10	497	29	526	0.9448669201520910	0.0	0.0
rps4	811	T	0	426	0	93	9	0	0	0	519	9	426	93	519	0.8208092485549130	0.0	0.0
rps4	844	C	0	15	0	611	0	0	8	0	626	8	611	15	626	0.9760383386581470	0.0	0.0
rps4	845	C	0	113	0	508	0	0	7	0	621	7	508	113	621	0.8180354267310790	0.0	0.0
rps4	888	T	0	870	0	46	7	0	0	0	916	7	870	46	916	0.9497816593886460	0.0	0.0
rps4	945	C	0	110	0	921	0	0	10	0	1031	10	921	110	1031	0.8933074684772070	0.0	0.0
rps4	967	C	0	132	0	1168	0	0	11	0	1300	11	1168	132	1300	0.8984615384615380	0.0	0.0
rps4	984	C	0	91	0	1343	0	0	12	0	1434	12	1343	91	1434	0.9365411436541140	0.0	0.0
rps4	1014	T	0	1461	0	31	12	0	0	0	1492	12	1461	31	1492	0.9792225201072390	0.0	0.0
rps4	1050	C	0	46	0	1451	0	0	10	0	1497	10	1451	46	1497	0.9692718770875080	0.0	0.0
rps4	1111	T	0	1112	0	189	5	0	0	0	1301	5	1112	189	1301	0.8547271329746350	0.0	0.0
rps7	4	T	0	18	0	0	0	0	0	0	18	0	18	0	18	1.0	3.814697265625e-24	1.37703866773814e-22
rps7	150	C	0	952	0	248	0	0	24	0	1200	24	248	952	1200	0.20666666666666700	1.65873556210635e-80	6.29706331733852e-79
rps7	153	C	0	1046	0	150	0	0	24	0	1196	24	150	1046	1196	0.1254180602006690	2.53898901246218e-24	9.17357229933449e-23
rps7	168	T	0	154	0	1162	25	0	0	0	1316	25	154	1162	1316	0.11702127659574500	6.30682562029669e-22	2.26136681216207e-20
rps7	186	C	0	1418	0	150	0	0	25	0	1568	25	150	1418	1568	0.09566326530612240	7.89280938410851e-14	2.78760942365899e-12
rps7	250	T	0	2193	0	245	32	0	0	0	2438	32	2193	245	2438	0.8995077932731750	0.0	0.0
rps7	257	C	0	60	0	2461	0	0	35	0	2521	35	2461	60	2521	0.9761999206664020	0.0	0.0
rps7	271	T	0	2524	0	60	28	0	0	0	2584	28	2524	60	2584	0.9767801857585140	0.0	0.0
rps7	275	C	0	1148	0	1513	0	0	29	0	2661	29	1513	1148	2661	0.5685832393836900	0.0	0.0
rps7	282	C	0	2127	0	485	0	0	25	0	2612	25	485	2127	2612	0.18568147013782500	2.645228254745e-136	1.03562108338995e-134
rps7	337	C	0	30	0	2514	0	0	29	0	2544	29	2514	30	2544	0.9882075471698110	0.0	0.0
rps7	360	C	0	2621	0	215	0	0	28	0	2836	28	215	2621	2836	0.07581100141043720	2.38794614312693e-09	8.36742178288509e-08
rps7	383	T	0	2714	0	48	28	0	0	0	2762	28	2714	48	2762	0.9826212889210720	0.0	0.0
rps7	406	T	0	2503	0	65	28	0	0	0	2568	28	2503	65	2568	0.9746884735202490	0.0	0.0
rps7	421	T	0	2460	0	85	29	0	0	0	2545	29	2460	85	2545	0.9666011787819250	0.0	0.0
rps7	427	C	0	110	0	2468	0	0	36	0	2578	36	2468	110	2578	0.9573312645461600	0.0	0.0
rps7	451	T	0	2431	0	162	37	0	0	0	2593	37	2431	162	2593	0.937524103355187	0.0	0.0
rps7	487	T	0	2306	0	44	36	0	0	0	2350	36	2306	44	2350	0.9812765957446810	0.0	0.0
rps7	494	C	0	34	0	2424	0	0	31	0	2458	31	2424	34	2458	0.9861676159479250	0.0	0.0
rps7	508	C	0	2154	0	225	0	0	28	0	2379	28	225	2154	2379	0.09457755359394700	2.63980755210728e-19	9.43148369932639e-18
rps7	509	C	0	37	0	2331	0	0	28	0	2368	28	2331	37	2368	0.984375	0.0	0.0
rps7	566	C	0	28	0	1734	0	0	26	0	1762	26	1734	28	1762	0.9841089670828600	0.0	0.0
rps7	604	C	0	23	0	1124	0	0	19	0	1147	19	1124	23	1147	0.979947689625109	0.0	0.0
rps7	673	T	0	30	0	67	19	0	0	0	97	19	30	67	97	0.30927835051546400	3.35922729088598e-16	1.19273415095101e-14
rps7	776	C	0	2	0	3	0	0	6	0	5	6	3	2	5	0.6	0.0011581250000000000	0.03964449946581200
rps10	176	C	0	56	0	466	0	0	44	0	522	44	466	56	522	0.89272030651341	0.0	0.0
rps10	183	C	0	73	0	454	0	0	42	0	527	42	454	73	527	0.8614800759013280	0.0	0.0
rps10	208	C	0	28	0	570	0	0	48	0	598	48	570	28	598	0.9531772575250840	0.0	0.0
rps10	218	C	0	37	0	564	0	0	53	0	601	53	564	37	601	0.9384359400998340	0.0	0.0
rps10	247	T	0	611	0	52	51	0	0	0	663	51	611	52	663	0.9215686274509800	0.0	0.0
rps10	268	T	0	591	0	58	49	0	0	0	649	49	591	58	649	0.9106317411402160	0.0	0.0
rps10	275	C	0	31	0	631	0	0	48	0	662	48	631	31	662	0.9531722054380670	0.0	0.0
rps10	289	T	0	441	0	55	41	0	0	0	496	41	441	55	496	0.8891129032258070	0.0	0.0
rps10	293	T	0	459	0	32	41	0	0	0	491	41	459	32	491	0.9348268839103870	0.0	0.0
rps10	296	T	0	459	0	57	41	0	0	0	516	41	459	57	516	0.8895348837209300	0.0	0.0
rps10	298	T	0	473	0	44	40	0	0	0	517	40	473	44	517	0.9148936170212770	0.0	0.0
rps10	326	C	0	36	0	460	0	0	34	0	496	34	460	36	496	0.9274193548387100	0.0	0.0
rps10	346	T	0	469	0	44	30	0	0	0	513	30	469	44	513	0.9142300194931770	0.0	0.0
rps10	353	C	0	41	0	467	0	0	30	0	508	30	467	41	508	0.9192913385826770	0.0	0.0
rps10	382	T	0	449	0	70	21	0	0	0	519	21	449	70	519	0.8651252408477840	0.0	0.0
rps10	392	C	0	44	0	489	0	0	19	0	533	19	489	44	533	0.9174484052532830	0.0	0.0
rps10	397	C	0	74	0	463	0	0	19	0	537	19	463	74	537	0.8621973929236500	0.0	0.0
rps10	427	T	0	389	0	53	4	0	0	0	442	4	389	53	442	0.8800904977375570	0.0	0.0
rps10	440	C	0	52	0	410	0	0	0	0	462	0	410	52	462	0.8874458874458880	0.0	0.0
rps10	451	T	0	426	0	55	0	0	0	0	481	0	426	55	481	0.8856548856548860	0.0	0.0
rps10	473	T	0	360	0	166	1	0	0	0	526	1	360	166	526	0.6844106463878330	0.0	0.0
rps11	16	C	0	59	0	205	0	0	0	0	264	0	205	59	264	0.7765151515151520	4.61870855473969e-209	1.859134636441e-207
rps11	67	T	0	585	0	20	1	0	0	0	605	1	585	20	605	0.9669421487603310	0.0	0.0
rps11	88	T	0	705	0	25	1	0	0	0	730	1	705	25	730	0.9657534246575340	0.0	0.0
rps11	91	T	0	717	0	26	2	0	0	0	743	2	717	26	743	0.9650067294751010	0.0	0.0
rps11	94	T	0	724	0	32	2	0	0	0	756	2	724	32	756	0.9576719576719580	0.0	0.0
rps11	97	T	0	712	0	52	2	0	0	0	764	2	712	52	764	0.9319371727748690	0.0	0.0
rps11	109	T	0	724	0	69	2	0	0	0	793	2	724	69	793	0.9129886506935690	0.0	0.0
rps11	133	T	0	868	0	63	2	0	0	0	931	2	868	63	931	0.9323308270676690	0.0	0.0
rps11	140	C	0	110	0	840	0	0	1	0	950	1	840	110	950	0.8842105263157890	0.0	0.0
rps11	153	C	0	804	0	124	0	0	2	0	928	2	124	804	928	0.1336206896551720	9.99871019197874e-23	3.59639283250059e-21
rps11	167	C	0	50	0	849	0	0	2	0	899	2	849	50	899	0.9443826473859840	0.0	0.0
rps11	169	T	0	810	0	84	2	0	0	0	894	2	810	84	894	0.9060402684563760	0.0	0.0
rps11	172	C	0	68	0	824	0	0	1	0	892	1	824	68	892	0.9237668161434980	0.0	0.0
rps11	192	C	0	476	0	486	0	0	2	0	962	2	486	476	962	0.5051975051975050	0.0	0.0
rps11	197	T	0	921	0	56	2	0	0	0	977	2	921	56	977	0.9426816786079840	0.0	0.0
rps11	203	T	0	959	0	70	2	0	0	0	1029	2	959	70	1029	0.9319727891156460	0.0	0.0
rps11	266	T	0	1149	0	57	10	0	0	0	1206	10	1149	57	1206	0.9527363184079600	0.0	0.0
rps11	292	T	0	1001	0	70	10	0	0	0	1071	10	1001	70	1071	0.934640522875817	0.0	0.0
rps11	316	T	0	1083	0	61	11	0	0	0	1144	11	1083	61	1144	0.9466783216783220	0.0	0.0
rps11	328	T	0	1005	0	102	11	0	0	0	1107	11	1005	102	1107	0.907859078590786	0.0	0.0
rps11	332	C	0	62	0	1071	0	0	9	0	1133	9	1071	62	1133	0.9452780229479260	0.0	0.0
rps11	333	C	0	122	0	1009	0	0	9	0	1131	9	1009	122	1131	0.8921308576480990	0.0	0.0
rps11	377	T	0	1212	0	73	9	0	0	0	1285	9	1212	73	1285	0.9431906614785990	0.0	0.0
rps11	392	C	0	53	0	1105	0	0	8	0	1158	8	1105	53	1158	0.9542314335060450	0.0	0.0
rps11	395	C	0	60	0	1096	0	0	8	0	1156	8	1096	60	1156	0.9480968858131490	0.0	0.0
rps11	404	C	0	81	0	1109	0	0	8	0	1190	8	1109	81	1190	0.9319327731092440	0.0	0.0
rps11	419	C	0	74	0	935	0	0	8	0	1009	8	935	74	1009	0.9266600594648170	0.0	0.0
rps11	425	C	0	66	0	965	0	0	8	0	1031	8	965	66	1031	0.9359844810863240	0.0	0.0
rps11	428	T	0	966	0	67	8	0	0	0	1033	8	966	67	1033	0.9351403678606000	0.0	0.0
rps11	446	T	0	830	0	81	7	0	0	0	911	7	830	81	911	0.9110867178924260	0.0	0.0
rps11	455	T	0	821	0	67	7	0	0	0	888	7	821	67	888	0.9245495495495500	0.0	0.0
rps11	469	T	0	665	0	113	5	0	0	0	778	5	665	113	778	0.8547557840616970	0.0	0.0
rps11	525	C	0	44	0	167	0	0	0	0	211	0	167	44	211	0.7914691943127960	3.16944876043415e-173	1.25932135222369e-171
rps12	159	C	0	730	0	83	0	0	13	0	813	13	83	730	813	0.10209102091020900	1.18359185710783e-09	4.14914988787973e-08
rps12	199	C	0	206	0	755	0	0	13	0	961	13	755	206	961	0.785639958376691	0.0	0.0
rps12	213	T	0	814	0	97	14	0	0	0	911	14	814	97	911	0.893523600439078	0.0	0.0
rps12	255	T	0	1035	0	18	12	0	0	0	1053	12	1035	18	1053	0.9829059829059830	0.0	0.0
rps12	261	T	0	1039	0	37	11	0	0	0	1076	11	1039	37	1076	0.9656133828996280	0.0	0.0
rps12	268	C	0	24	0	974	0	0	11	0	998	11	974	24	998	0.9759519038076150	0.0	0.0
rps12	273	T	0	974	0	44	11	0	0	0	1018	11	974	44	1018	0.9567779960707270	0.0	0.0
rps12	280	T	0	1014	0	95	10	0	0	0	1109	10	1014	95	1109	0.9143372407574390	0.0	0.0
rps12	282	T	0	959	0	134	13	0	0	0	1093	13	959	134	1093	0.8774016468435500	0.0	0.0
rps12	297	C	0	62	0	1058	0	0	16	0	1120	16	1058	62	1120	0.9446428571428570	0.0	0.0
rps12	301	C	0	24	0	1105	0	0	16	0	1129	16	1105	24	1129	0.978742249778565	0.0	0.0
rps12	322	T	0	989	0	76	18	0	0	0	1065	18	989	76	1065	0.9286384976525820	0.0	0.0
rps12	336	C	0	28	0	1040	0	0	16	0	1068	16	1040	28	1068	0.9737827715355810	0.0	0.0
rps12	337	T	0	1073	0	33	17	0	0	0	1106	17	1073	33	1106	0.9701627486437610	0.0	0.0
rps12	345	T	0	1084	0	44	15	0	0	0	1128	15	1084	44	1128	0.9609929078014180	0.0	0.0
rps12	356	C	0	322	0	852	0	0	14	0	1174	14	852	322	1174	0.7257240204429300	0.0	0.0
rps12	361	C	0	204	0	971	0	0	16	0	1175	16	971	204	1175	0.8263829787234040	0.0	0.0
rps12	367	C	0	58	0	1126	0	0	15	0	1184	15	1126	58	1184	0.9510135135135140	0.0	0.0
rps12	375	T	0	1044	0	127	14	0	0	0	1171	14	1044	127	1171	0.8915456874466270	0.0	0.0
rps12	386	C	0	102	0	1068	0	0	13	0	1170	13	1068	102	1170	0.9128205128205130	0.0	0.0
rps12	393	C	0	120	0	1098	0	0	10	0	1218	10	1098	120	1218	0.9014778325123150	0.0	0.0
rps12	398	C	0	77	0	1129	0	0	10	0	1206	10	1129	77	1206	0.9361525704809290	0.0	0.0
rps12	399	T	0	1097	0	126	11	0	0	0	1223	11	1097	126	1223	0.8969746524938680	0.0	0.0
rps12	400	T	0	1073	0	144	10	0	0	0	1217	10	1073	144	1217	0.8816762530813480	0.0	0.0
rps12	411	T	0	980	0	159	11	0	0	0	1139	11	980	159	1139	0.8604038630377520	0.0	0.0
rps12	418	C	0	87	0	1121	0	0	8	0	1208	8	1121	87	1208	0.9279801324503310	0.0	0.0
rps12	420	T	0	929	0	294	9	0	0	0	1223	9	929	294	1223	0.759607522485691	0.0	0.0
rps12	429	C	0	43	0	1076	0	0	9	0	1119	9	1076	43	1119	0.9615728328865060	0.0	0.0
rps12	439	C	0	71	0	1031	0	0	10	0	1102	10	1031	71	1102	0.9355716878402900	0.0	0.0
rps12	442	C	0	66	0	1067	0	0	9	0	1133	9	1067	66	1133	0.941747572815534	0.0	0.0
rps12	466	C	0	49	0	1118	0	0	7	0	1167	7	1118	49	1167	0.9580119965724080	0.0	0.0
rps12	468	T	0	1156	0	54	7	0	0	0	1210	7	1156	54	1210	0.9553719008264460	0.0	0.0
rps12	469	T	0	1156	0	43	7	0	0	0	1199	7	1156	43	1199	0.9641367806505420	0.0	0.0
rps12	486	C	0	70	0	1105	0	0	9	0	1175	9	1105	70	1175	0.9404255319148940	0.0	0.0
rps12	508	C	0	40	0	1163	0	0	9	0	1203	9	1163	40	1203	0.9667497921862010	0.0	0.0
rps12	510	T	0	1148	0	53	9	0	0	0	1201	9	1148	53	1201	0.9558701082431310	0.0	0.0
rps12	525	T	0	1219	0	42	9	0	0	0	1261	9	1219	42	1261	0.9666931007137190	0.0	0.0
rps12	531	T	0	1177	0	97	8	0	0	0	1274	8	1177	97	1274	0.923861852433281	0.0	0.0
rps12	540	C	0	56	0	1094	0	0	10	0	1150	10	1094	56	1150	0.951304347826087	0.0	0.0
rps12	541	T	0	1086	0	53	7	0	0	0	1139	7	1086	53	1139	0.9534679543459180	0.0	0.0
rps12	546	C	0	49	0	1107	0	0	7	0	1156	7	1107	49	1156	0.9576124567474050	0.0	0.0
rps12	576	C	0	29	0	1040	0	0	6	0	1069	6	1040	29	1069	0.9728718428437790	0.0	0.0
rps12	594	C	0	35	0	1078	0	0	6	0	1113	6	1078	35	1113	0.9685534591194970	0.0	0.0
rps12	607	C	0	173	0	901	0	0	6	0	1074	6	901	173	1074	0.8389199255121040	0.0	0.0
rps12	618	C	0	358	0	681	0	0	4	0	1039	4	681	358	1039	0.6554379210779600	0.0	0.0
rps12	662	T	0	689	0	29	3	0	0	0	718	3	689	29	718	0.9596100278551530	0.0	0.0
rps13	11	T	0	59	0	2	2	0	0	0	61	2	59	2	61	0.9672131147540980	2.87005662291676e-74	1.08136065667393e-72
rps13	20	T	0	147	0	5	2	0	0	0	152	2	147	5	152	0.9671052631578950	2.74890554181024e-183	1.09603201448524e-181
rps13	26	T	0	142	0	22	2	0	0	0	164	2	142	22	164	0.8658536585365850	6.34795501745295e-159	2.49992081026557e-157
rps13	44	T	0	158	0	41	3	0	0	0	199	3	158	41	199	0.7939698492462310	2.15452255581992e-164	8.51833987000432e-163
rps13	53	C	0	15	0	205	0	0	3	0	220	3	205	15	220	0.9318181818181820	5.81066576095312e-245	2.35907728729786e-243
rps13	72	C	0	12	0	252	0	0	3	0	264	3	252	12	264	0.9545454545454550	1.38974290398372e-308	5.74412724947905e-307
rps13	74	C	0	16	0	248	0	0	3	0	264	3	248	16	264	0.9393939393939390	1.63405060812778e-298	6.72268730417317e-297
rps13	95	T	0	331	0	16	3	0	0	0	347	3	331	16	347	0.9538904899135450	0.0	0.0
rps13	107	T	0	346	0	16	4	0	0	0	362	4	346	16	362	0.9558011049723760	0.0	0.0
rps13	111	C	0	21	0	345	0	0	4	0	366	4	345	21	366	0.9426229508196720	0.0	0.0
rps13	112	C	0	33	0	336	0	0	4	0	369	4	336	33	369	0.9105691056910570	0.0	0.0
rps13	117	T	0	336	0	28	5	0	0	0	364	5	336	28	364	0.9230769230769230	0.0	0.0
rps13	149	C	0	21	0	367	0	0	5	0	388	5	367	21	388	0.9458762886597940	0.0	0.0
rps13	173	T	0	345	0	74	5	0	0	0	419	5	345	74	419	0.8233890214797140	0.0	0.0
rps13	212	C	0	38	0	601	0	0	4	0	639	4	601	38	639	0.9405320813771520	0.0	0.0
rps13	219	C	0	33	0	623	0	0	4	0	656	4	623	33	656	0.9496951219512200	0.0	0.0
rps13	231	C	0	36	0	797	0	0	5	0	833	5	797	36	833	0.9567827130852340	0.0	0.0
rps13	243	C	0	61	0	932	0	0	5	0	993	5	932	61	993	0.9385699899295070	0.0	0.0
rps13	257	T	0	1168	0	49	4	0	0	0	1217	4	1168	49	1217	0.9597370583401810	0.0	0.0
rps13	273	C	0	93	0	1419	0	0	4	0	1512	4	1419	93	1512	0.9384920634920640	0.0	0.0
rps13	277	C	0	545	0	1033	0	0	4	0	1578	4	1033	545	1578	0.6546261089987330	0.0	0.0
rps13	278	T	0	1441	0	147	4	0	0	0	1588	4	1441	147	1588	0.9074307304785900	0.0	0.0
rps13	285	C	0	123	0	1486	0	0	4	0	1609	4	1486	123	1609	0.9235550031075200	0.0	0.0
rps13	291	C	0	88	0	1579	0	0	4	0	1667	4	1579	88	1667	0.9472105578884220	0.0	0.0
rps13	323	T	0	1732	0	139	6	0	0	0	1871	6	1732	139	1871	0.9257081774452170	0.0	0.0
rps13	333	C	0	124	0	1782	0	0	5	0	1906	5	1782	124	1906	0.9349422875131170	0.0	0.0
rps13	371	T	0	1916	0	74	3	0	0	0	1990	3	1916	74	1990	0.9628140703517590	0.0	0.0
rps13	401	T	0	1361	0	59	8	0	0	0	1420	8	1361	59	1420	0.9584507042253520	0.0	0.0
rps13	443	T	0	1120	0	36	8	0	0	0	1156	8	1120	36	1156	0.9688581314878890	0.0	0.0
rps13	446	T	0	1102	0	71	8	0	0	0	1173	8	1102	71	1173	0.9394714407502130	0.0	0.0
rps13	458	T	0	1099	0	72	8	0	0	0	1171	8	1099	72	1171	0.9385140905209220	0.0	0.0
rps13	472	C	0	48	0	1180	0	0	8	0	1228	8	1180	48	1228	0.9609120521172640	0.0	0.0
rps13	476	C	0	80	0	1145	0	0	9	0	1225	9	1145	80	1225	0.9346938775510200	0.0	0.0
rps13	521	T	0	1164	0	36	14	0	0	0	1200	14	1164	36	1200	0.97	0.0	0.0
rps13	524	T	0	1158	0	70	13	0	0	0	1228	13	1158	70	1228	0.9429967426710100	0.0	0.0
rps13	530	T	0	1126	0	71	12	0	0	0	1197	12	1126	71	1197	0.9406850459482040	0.0	0.0
rps13	540	T	0	1141	0	60	13	0	0	0	1201	13	1141	60	1201	0.9500416319733560	0.0	0.0
rps13	546	T	0	1191	0	48	13	0	0	0	1239	13	1191	48	1239	0.9612590799031480	0.0	0.0
rps13	573	T	0	942	0	48	8	0	0	0	990	8	942	48	990	0.9515151515151520	0.0	0.0
rps13	631	C	0	146	0	531	0	0	4	0	677	4	531	146	677	0.7843426883308720	0.0	0.0
rps13	682	T	0	266	0	9	3	0	0	0	275	3	266	9	275	0.9672727272727270	0.0	0.0
rps14	1200	C	0	117	0	2037	0	0	0	0	2154	0	2037	117	2154	0.9456824512534820	0.0	0.0
rps14	1203	C	0	53	0	2150	0	0	0	0	2203	0	2150	53	2203	0.9759418974126190	0.0	0.0
rps14	1274	T	0	2799	0	134	0	0	0	0	2933	0	2799	134	2933	0.9543129901125130	0.0	0.0
rps14	1291	T	0	2663	0	258	0	0	0	0	2921	0	2663	258	2921	0.9116740842177340	0.0	0.0
rps14	1296	C	0	496	0	2386	0	0	0	0	2882	0	2386	496	2882	0.8278972935461490	0.0	0.0
rps14	1337	T	0	1595	0	249	0	0	0	0	1844	0	1595	249	1844	0.8649674620390460	0.0	0.0
rps14	1343	T	0	1473	0	279	0	0	0	0	1752	0	1473	279	1752	0.8407534246575340	0.0	0.0
rps14	1350	C	0	57	0	1679	0	0	0	0	1736	0	1679	57	1736	0.9671658986175120	0.0	0.0
rps14	1352	T	0	1354	0	423	0	0	0	0	1777	0	1354	423	1777	0.7619583567810920	0.0	0.0
rps14	1359	C	0	85	0	1659	0	0	0	0	1744	0	1659	85	1744	0.9512614678899080	0.0	0.0
rps14	1382	T	0	996	0	191	0	0	0	0	1187	0	996	191	1187	0.8390901432181970	0.0	0.0
rps14	1389	C	0	95	0	983	0	0	0	0	1078	0	983	95	1078	0.911873840445269	0.0	0.0
rps14	1406	T	0	819	0	169	0	0	0	0	988	0	819	169	988	0.8289473684210530	0.0	0.0
rps14	1594	G	0	0	766	0	0	0	0	3	766	3	3	0	3	1.0	0.00012500000000000000	0.004299162730785740
rps14	2159	C	0	638	0	134	0	0	7	0	772	7	134	638	772	0.17357512953367900	7.67049934837122e-36	2.80942998995533e-34
rps14	2530	T	0	242	0	823	6	0	0	0	1065	6	242	823	1065	0.2272300469483570	1.72659242838468e-87	6.57648629094006e-86
rps14	2629	C	0	552	0	82	0	0	6	0	634	6	82	552	634	0.12933753943217700	8.30853767419987e-15	2.94092127608819e-13
rps14	3102	C	0	192	0	907	0	0	5	0	1099	5	907	192	1099	0.8252957233848950	0.0	0.0
rps14	3111	C	0	342	0	849	0	0	5	0	1191	5	849	342	1191	0.7128463476070530	0.0	0.0
rps14	3117	C	0	121	0	991	0	0	4	0	1112	4	991	121	1112	0.8911870503597120	0.0	0.0
rps14	3122	T	0	954	0	151	4	0	0	0	1105	4	954	151	1105	0.8633484162895930	0.0	0.0
rps14	3123	T	0	954	0	158	4	0	0	0	1112	4	954	158	1112	0.8579136690647480	0.0	0.0
rps14	3135	T	0	1168	0	122	4	0	0	0	1290	4	1168	122	1290	0.9054263565891470	0.0	0.0
rps14	3143	T	0	1229	0	162	2	0	0	0	1391	2	1229	162	1391	0.8835370237239400	0.0	0.0
rps14	3155	T	0	1283	0	410	2	0	0	0	1693	2	1283	410	1693	0.7578263437684580	0.0	0.0
rps14	3158	C	0	482	0	1415	0	0	2	0	1897	2	1415	482	1897	0.7459146020031630	0.0	0.0
rps14	3165	C	0	130	0	1881	0	0	2	0	2011	2	1881	130	2011	0.9353555445052210	0.0	0.0
rps14	3168	T	0	1530	0	297	2	0	0	0	1827	2	1530	297	1827	0.8374384236453200	0.0	0.0
rps14	3177	T	0	1570	0	365	1	0	0	0	1935	1	1570	365	1935	0.8113695090439280	0.0	0.0
rps14	3183	T	0	1496	0	483	1	0	0	0	1979	1	1496	483	1979	0.7559373420919660	0.0	0.0
rps14	3191	T	0	1465	0	685	2	0	0	0	2150	2	1465	685	2150	0.6813953488372090	0.0	0.0
rps14	3200	T	0	2051	0	361	3	0	0	0	2412	3	2051	361	2412	0.8503316749585410	0.0	0.0
rps14	3206	C	0	165	0	2375	0	0	4	0	2540	4	2375	165	2540	0.9350393700787400	0.0	0.0
rps14	3207	T	0	2295	0	338	4	0	0	0	2633	4	2295	338	2633	0.8716293201671100	0.0	0.0
rps14	3221	T	0	2863	0	125	4	0	0	0	2988	4	2863	125	2988	0.9581659973226240	0.0	0.0
rps14	3234	T	0	2945	0	368	4	0	0	0	3313	4	2945	368	3313	0.8889224268035010	0.0	0.0
rps14	3272	C	0	112	0	4107	0	0	4	0	4219	4	4107	112	4219	0.9734534249822230	0.0	0.0
rps14	3303	C	0	405	0	3542	0	0	5	0	3947	5	3542	405	3947	0.8973904231061570	0.0	0.0
rps14	3357	C	0	450	0	2051	0	0	4	0	2501	4	2051	450	2501	0.8200719712115150	0.0	0.0
rps14	3412	T	0	22	0	140	4	0	0	0	162	4	22	140	162	0.13580246913580200	2.14801844819772e-05	0.0007416404040410950
sdh3	121	T	0	9101	0	630	6	0	0	0	9731	6	9101	630	9731	0.9352584523687190	0.0	0.0
sdh3	130	T	0	8714	0	1092	6	0	0	0	9806	6	8714	1092	9806	0.8886396084030190	0.0	0.0
sdh3	139	C	0	227	0	9186	0	0	7	0	9413	7	9186	227	9413	0.9758844151705090	0.0	0.0
sdh3	140	T	0	9050	0	335	7	0	0	0	9385	7	9050	335	9385	0.9643047416089500	0.0	0.0
sdh3	143	T	0	8920	0	717	7	0	0	0	9637	7	8920	717	9637	0.9255992528795270	0.0	0.0
sdh3	157	C	0	708	0	8700	0	0	7	0	9408	7	8700	708	9408	0.9247448979591840	0.0	0.0
sdh3	166	T	0	8278	0	1144	7	0	0	0	9422	7	8278	1144	9422	0.8785820420292930	0.0	0.0
sdh3	176	T	0	8751	0	602	7	0	0	0	9353	7	8751	602	9353	0.9356356249331770	0.0	0.0
sdh3	184	C	0	238	0	6682	0	0	7	0	6920	7	6682	238	6920	0.965606936416185	0.0	0.0
sdh3	192	C	0	4709	0	2429	0	0	7	0	7138	7	2429	4709	7138	0.3402913981507430	0.0	0.0
sdh3	193	T	0	6694	0	484	7	0	0	0	7178	7	6694	484	7178	0.9325717470047370	0.0	0.0
sdh3	202	C	0	172	0	7062	0	0	5	0	7234	5	7062	172	7234	0.9762233895493500	0.0	0.0
sdh3	244	C	0	80	0	4833	0	0	3	0	4913	3	4833	80	4913	0.9837166700590270	0.0	0.0
sdh3	276	C	0	156	0	4756	0	0	1	0	4912	1	4756	156	4912	0.9682410423452770	0.0	0.0
sdh3	283	C	0	245	0	4730	0	0	1	0	4975	1	4730	245	4975	0.9507537688442210	0.0	0.0
sdh3	289	T	0	4794	0	279	1	0	0	0	5073	1	4794	279	5073	0.9450029568302780	0.0	0.0
sdh3	332	C	0	148	0	4735	0	0	1	0	4883	1	4735	148	4883	0.9696907638746670	0.0	0.0
sdh3	341	T	0	310	0	3648	1	0	0	0	3958	1	310	3648	3958	0.07832238504295100	2.05925411537664e-14	7.28579386704504e-13
sdh3	370	T	0	4060	0	231	1	0	0	0	4291	1	4060	231	4291	0.9461663947797720	0.0	0.0
sdh3	388	T	0	3148	0	269	1	0	0	0	3417	1	3148	269	3417	0.9212759730757970	0.0	0.0
sdh3	407	C	0	634	0	2747	0	0	1	0	3381	1	2747	634	3381	0.8124815143448680	0.0	0.0
sdh3	412	C	0	194	0	2990	0	0	1	0	3184	1	2990	194	3184	0.9390703517587940	0.0	0.0
sdh3	430	T	0	3055	0	93	1	0	0	0	3148	1	3055	93	3148	0.9704574332909780	0.0	0.0
sdh3	443	T	0	3037	0	70	0	0	0	0	3107	0	3037	70	3107	0.9774702285162540	0.0	0.0
sdh3	452	C	0	287	0	2666	0	0	0	0	2953	0	2666	287	2953	0.9028107009820520	0.0	0.0
sdh3	463	C	0	108	0	2608	0	0	0	0	2716	0	2608	108	2716	0.9602356406480120	0.0	0.0
sdh3	480	C	0	1844	0	150	0	0	0	0	1994	0	150	1844	1994	0.07522567703109330	8.13713789602305e-07	2.83145534208183e-05
sdh3	490	C	0	87	0	1732	0	0	0	0	1819	0	1732	87	1819	0.9521715228147330	0.0	0.0
sdh3	491	C	0	159	0	1646	0	0	0	0	1805	0	1646	159	1805	0.9119113573407200	0.0	0.0
sdh4	156	C	0	384	0	2664	0	0	5	0	3048	5	2664	384	3048	0.8740157480314960	0.0	0.0
sdh4	192	C	0	48	0	4316	0	0	10	0	4364	10	4316	48	4364	0.9890009165902840	0.0	0.0
sdh4	194	T	0	3744	0	670	10	0	0	0	4414	10	3744	670	4414	0.8482102401449930	0.0	0.0
sdh4	212	C	0	43	0	4775	0	0	11	0	4818	11	4775	43	4818	0.9910751349107510	0.0	0.0
sdh4	221	C	0	2990	0	2352	0	0	13	0	5342	13	2352	2990	5342	0.44028453762635700	0.0	0.0
sdh4	246	T	0	5463	0	359	12	0	0	0	5822	12	5463	359	5822	0.9383373411198900	0.0	0.0
sdh4	258	C	0	346	0	5734	0	0	11	0	6080	11	5734	346	6080	0.9430921052631580	0.0	0.0
sdh4	278	C	0	291	0	5557	0	0	16	0	5848	16	5557	291	5848	0.9502393980848150	0.0	0.0
sdh4	281	T	0	5792	0	79	16	0	0	0	5871	16	5792	79	5871	0.9865440299778570	0.0	0.0
sdh4	309	C	0	228	0	5283	0	0	16	0	5511	16	5283	228	5511	0.9586281981491560	0.0	0.0
sdh4	317	C	0	137	0	4728	0	0	16	0	4865	16	4728	137	4865	0.9718396711202470	0.0	0.0
sdh4	338	T	0	3674	0	88	13	0	0	0	3762	13	3674	88	3762	0.9766081871345030	0.0	0.0
sdh4	344	C	0	97	0	3596	0	0	13	0	3693	13	3596	97	3693	0.9737340915245060	0.0	0.0
sdh4	351	C	0	121	0	3478	0	0	13	0	3599	13	3478	121	3599	0.9663795498749650	0.0	0.0
sdh4	405	C	0	133	0	1013	0	0	6	0	1146	6	1013	133	1146	0.8839441535776610	0.0	0.0
sdh4	406	C	0	645	0	510	0	0	6	0	1155	6	510	645	1155	0.44155844155844200	0.0	0.0
sdh4	416	C	0	82	0	752	0	0	7	0	834	7	752	82	834	0.9016786570743410	0.0	0.0
sdh4	527	C	0	97	0	189	0	0	1	0	286	1	189	97	286	0.6608391608391610	1.60667852155648e-170	6.37751055172039e-169
mat-Lepto	4	T	0	51	0	9	0	0	0	0	60	0	51	9	60	0.85	4.17560114753108e-57	1.54777419305661e-55
mat-Lepto	13	T	0	130	0	33	0	0	0	0	163	0	130	33	163	0.7975460122699390	4.89079001120545e-136	1.91383518064279e-134
mat-Lepto	22	C	0	13	0	237	0	0	3	0	250	3	237	13	250	0.948	4.06135919172933e-288	1.66661369864704e-286
mat-Lepto	23	T	0	233	0	18	3	0	0	0	251	3	233	18	251	0.9282868525896410	3.77987887944805e-277	1.54477478572218e-275
mat-Lepto	26	T	0	344	0	46	3	0	0	0	390	3	344	46	390	0.882051282051282	0.0	0.0
mat-Lepto	40	C	0	58	0	452	0	0	3	0	510	3	452	58	510	0.8862745098039220	0.0	0.0
mat-Lepto	49	T	0	691	0	123	3	0	0	0	814	3	691	123	814	0.8488943488943490	0.0	0.0
mat-Lepto	59	T	0	997	0	89	3	0	0	0	1086	3	997	89	1086	0.91804788213628	0.0	0.0
mat-Lepto	67	C	0	32	0	1200	0	0	3	0	1232	3	1200	32	1232	0.974025974025974	0.0	0.0
mat-Lepto	75	C	0	1014	0	527	0	0	3	0	1541	3	527	1014	1541	0.3419857235561320	1.07939766724011e-280	4.41582798474296e-279
mat-Lepto	76	T	0	1461	0	108	3	0	0	0	1569	3	1461	108	1569	0.9311663479923520	0.0	0.0
mat-Lepto	85	C	0	32	0	1733	0	0	3	0	1765	3	1733	32	1765	0.9818696883852690	0.0	0.0
mat-Lepto	127	C	0	36	0	2725	0	0	3	0	2761	3	2725	36	2761	0.9869612459253890	0.0	0.0
mat-Lepto	159	C	0	115	0	3305	0	0	2	0	3420	2	3305	115	3420	0.966374269005848	0.0	0.0
mat-Lepto	166	C	0	150	0	3319	0	0	2	0	3469	2	3319	150	3469	0.9567598731622950	0.0	0.0
mat-Lepto	172	T	0	3410	0	210	2	0	0	0	3620	2	3410	210	3620	0.9419889502762430	0.0	0.0
mat-Lepto	215	C	0	103	0	3879	0	0	0	0	3982	0	3879	103	3982	0.9741336012054240	0.0	0.0
mat-Lepto	224	T	0	290	0	3246	0	0	0	0	3536	0	290	3246	3536	0.08201357466063350	5.86021062176278e-16	2.07797517142294e-14
mat-Lepto	237	C	0	3432	0	237	0	0	0	0	3669	0	237	3432	3669	0.06459525756336880	5.54935040220113e-05	0.0019110664914751300
mat-Lepto	253	T	0	3674	0	199	0	0	0	0	3873	0	3674	199	3873	0.9486186418796800	0.0	0.0
mat-Lepto	271	T	0	2989	0	264	0	0	0	0	3253	0	2989	264	3253	0.9188441438672000	0.0	0.0
mat-Lepto	290	C	0	651	0	2581	0	0	0	0	3232	0	2581	651	3232	0.7985767326732670	0.0	0.0
mat-Lepto	295	C	0	224	0	2852	0	0	0	0	3076	0	2852	224	3076	0.9271781534460340	0.0	0.0
mat-Lepto	313	T	0	2895	0	112	0	0	0	0	3007	0	2895	112	3007	0.962753574991686	0.0	0.0
mat-Lepto	326	T	0	2858	0	95	0	0	0	0	2953	0	2858	95	2953	0.9678293261090420	0.0	0.0
mat-Lepto	335	C	0	298	0	2519	0	0	0	0	2817	0	2519	298	2817	0.8942137025204120	0.0	0.0
mat-Lepto	346	C	0	135	0	2441	0	0	0	0	2576	0	2441	135	2576	0.9475931677018630	0.0	0.0
mat-Lepto	363	C	0	1799	0	130	0	0	0	0	1929	0	130	1799	1929	0.06739243131156040	0.00047739624857914300	0.016377042528345400
mat-Lepto	373	C	0	112	0	1610	0	0	0	0	1722	0	1610	112	1722	0.9349593495934960	0.0	0.0
mat-Lepto	374	C	0	180	0	1533	0	0	0	0	1713	0	1533	180	1713	0.8949211908931700	0.0	0.0
mat-Lepto	982	C	0	34	0	12	0	0	0	0	46	0	12	34	46	0.2608695652173910	1.92128682539819e-06	6.67384723712253e-05
mat-Lepto	1074	T	0	22	0	3	0	0	0	0	25	0	22	3	25	0.88	4.73394274711608e-26	1.71505328778603e-24
mat-Lepto	1159	C	0	1	0	23	0	0	0	0	24	0	23	1	24	0.9583333333333330	2.72393226623536e-29	9.89983767649658e-28
mat-Lepto	1166	C	0	1	0	25	0	0	0	0	26	0	25	1	26	0.9615384615384620	7.37607479095464e-32	2.68685012689881e-30
mat-Lepto	1173	T	0	20	0	5	0	0	0	0	25	0	20	5	25	0.8	3.97025302040578e-22	1.42484411935728e-20
mat-Lepto	1263	T	0	23	0	32	0	0	0	0	55	0	23	32	55	0.41818181818181800	4.63349481059837e-16	1.6437209978678e-14
mat-Lepto	1449	T	0	187	0	34	2	0	0	0	221	2	187	34	221	0.8461538461538460	1.07281851487763e-204	4.31183686295673e-203
mat-Lepto	1509	T	0	198	0	34	4	0	0	0	232	4	198	34	232	0.853448275862069	3.12102783916094e-218	1.26135505536059e-216
mat-Lepto	1524	T	0	168	0	71	3	0	0	0	239	3	168	71	239	0.702928870292887	5.65054921936326e-159	2.22636642188606e-157
mat-Lepto	1545	T	0	196	0	26	3	0	0	0	222	3	196	26	222	0.8828828828828830	1.44504890574265e-222	5.84602562867664e-221
mat-Lepto	1630	C	0	145	0	56	0	0	2	0	201	2	56	145	201	0.27860696517412900	2.61188912553833e-26	9.46685713727924e-25
mat-Lepto	1648	C	0	27	0	182	0	0	2	0	209	2	182	27	209	0.8708133971291870	2.87820514789151e-204	1.15621859958077e-202
mat-Lepto	1665	T	0	162	0	39	3	0	0	0	201	3	162	39	201	0.8059701492537310	1.4810349033635e-170	5.88169845459706e-169
mat-Lepto	1677	T	0	163	0	22	2	0	0	0	185	2	163	22	185	0.8810810810810810	5.09937252004571e-185	2.03421283665688e-183
mat-Lepto	1687	C	0	29	0	159	0	0	2	0	188	2	159	29	188	0.8457446808510640	3.22980120449416e-174	1.28393814432949e-172
mat-Lepto	1762	T	0	26	0	185	3	0	0	0	211	3	26	185	211	0.12322274881516600	2.34049770313286e-05	0.0008077490177352360
mat-Lepto	1856	C	0	204	0	31	0	0	3	0	235	3	31	204	235	0.13191489361702100	9.69518229021228e-07	3.37213847942069e-05
mat-Lepto	1980	T	0	208	0	50	1	0	0	0	258	1	208	50	258	0.8062015503875970	1.46925925291696e-218	5.94096944357164e-217
mat-Lepto	2130	T	0	6	0	3	0	0	0	0	9	0	6	3	9	0.6666666666666670	1.1510234375e-06	4.00170483466255e-05
mat-Lepto	2269	C	0	47	0	103	0	0	1	0	150	1	103	47	150	0.6866666666666670	2.022228235239e-96	7.75045579421602e-95
mat-Lepto	2275	C	0	13	0	137	0	0	1	0	150	1	137	13	150	0.9133333333333330	5.4197617924721e-161	2.13753697243033e-159
mat-Lepto	2289	T	0	116	0	37	1	0	0	0	153	1	116	37	153	0.7581699346405230	7.88223819520927e-117	3.06645480287835e-115
mat-Lepto	2466	T	0	108	0	14	3	0	0	0	122	3	108	14	122	0.8852459016393440	1.2938006919232e-123	5.0480283986572e-122
mat-Lepto	3696	C	0	6	0	60	0	0	0	0	66	0	60	6	66	0.9090909090909090	5.82318718149403e-71	2.18990112493913e-69
mat-Lepto	3703	C	0	40	0	26	0	0	0	0	66	0	26	40	66	0.3939393939393940	3.43437610888899e-17	1.22212525577177e-15
mat-Lepto	3749	T	0	85	0	9	1	0	0	0	94	1	85	9	94	0.9042553191489360	1.74248789653087e-99	6.69754153013031e-98
mat-Lepto	3803	T	0	95	0	14	2	0	0	0	109	2	95	14	109	0.8715596330275230	1.98903412385956e-107	7.7006095403286e-106
mat-Lepto	4013	T	0	100	0	28	2	0	0	0	128	2	100	28	128	0.78125	2.58021651298635e-103	9.9653087330392e-102
mat-Lepto	4076	T	0	89	0	38	5	0	0	0	127	5	89	38	127	0.7007874015748030	8.20947363384288e-85	3.12248460122546e-83
mat-Lepto	4207	C	0	23	0	90	0	0	2	0	113	2	90	23	113	0.7964601769911510	1.46171230964482e-94	5.5968489209928e-93
mat-Lepto	4239	C	0	22	0	75	0	0	0	0	97	0	75	22	97	0.7731958762886600	2.99982075633602e-77	1.13398604164242e-75
mat-Lepto	4240	T	0	23	0	73	0	0	0	0	96	0	23	73	96	0.23958333333333300	2.87507277342986e-10	1.01008368112841e-08
mat-Lepto	4244	T	0	74	0	25	0	0	0	0	99	0	74	25	99	0.7474747474747480	2.7186764505542e-74	1.02480668725785e-72
mat-Lepto	4253	T	0	76	0	23	0	0	0	0	99	0	76	23	99	0.7676767676767680	7.91266597557291e-78	2.99395545571725e-76
mat-Lepto	4262	T	0	75	0	15	0	0	0	0	90	0	75	15	90	0.8333333333333330	5.67492414529198e-82	2.15539485010042e-80
mat-Lepto	4293	C	0	11	0	63	0	0	2	0	74	2	63	11	74	0.8513513513513510	2.60118050656968e-70	9.76381260249507e-69
mat-Lepto	4305	C	0	19	0	60	0	0	2	0	79	2	60	19	79	0.759493670886076	2.94094864129834e-61	1.09265244928237e-59
mat-Lepto	4320	C	0	21	0	69	0	0	3	0	90	3	69	21	90	0.7666666666666670	9.96130142519334e-71	3.74258990037916e-69
mat-Lepto	4323	C	0	18	0	69	0	0	3	0	87	3	69	18	87	0.7931034482758620	1.31232067248694e-72	4.93750636484495e-71
mat-Lepto	4346	T	0	78	0	42	4	0	0	0	120	4	78	42	120	0.65	1.65985145909006e-70	6.23335309779805e-69
mat-Lepto	4379	T	0	95	0	18	4	0	0	0	113	4	95	18	113	0.8407079646017700	3.41645917127997e-104	1.32077805278894e-102
mat-Lepto	4406	T	0	92	0	13	4	0	0	0	105	4	92	13	105	0.8761904761904760	1.45811540723546e-104	5.63968905602968e-103
mat-Lepto	4415	T	0	101	0	14	4	0	0	0	115	4	101	14	115	0.8782608695652170	6.8969038347471e-115	2.68052300325528e-113
mat-Lepto	4421	T	0	98	0	17	4	0	0	0	115	4	98	17	115	0.8521739130434780	1.16146184439823e-108	4.50316634365862e-107
mat-Lepto	4478	T	0	84	0	38	1	0	0	0	122	1	84	38	122	0.6885245901639340	4.29480387681487e-79	1.62812295381271e-77
mat-Lepto	4490	T	0	88	0	29	2	0	0	0	117	2	88	29	117	0.7521367521367520	1.79801410839801e-88	6.85178525741662e-87
mat-Lepto	4508	C	0	86	0	17	0	0	4	0	103	4	17	86	103	0.1650485436893200	1.41262813450085e-05	0.00048815504240633000
mat-Lepto	4533	C	0	27	0	80	0	0	3	0	107	3	80	27	107	0.7476635514018690	3.3172787787195e-80	1.25814708680393e-78
mat-Lepto	4592	T	0	65	0	21	4	0	0	0	86	4	65	21	86	0.7558139534883720	5.39758968230237e-66	2.01753489842176e-64
mat-Lepto	4620	C	0	25	0	63	0	0	2	0	88	2	63	25	88	0.7159090909090910	1.85196357702837e-61	6.88700029930949e-60
mat-Lepto	4749	C	0	13	0	25	0	0	3	0	38	3	25	13	38	0.6578947368421050	8.50742935710043e-24	3.06688616724779e-22
mat-Lepto	4763	T	0	23	0	13	2	0	0	0	36	2	23	13	36	0.6388888888888890	1.45544663336657e-21	5.21396181690202e-20
mat-Lepto	4770	C	0	22	0	15	0	0	2	0	37	2	15	22	37	0.40540540540540500	9.96098863919603e-11	3.5041506894022e-09
mat-Lepto	4928	T	0	27	0	15	2	0	0	0	42	2	27	15	42	0.6428571428571430	3.50449330681452e-25	1.26791744743657e-23
mat-Lepto	4931	C	0	11	0	25	0	0	2	0	36	2	25	11	36	0.6944444444444440	1.04158682072692e-24	3.76503553762941e-23
mat-Lepto	4985	T	0	40	0	20	2	0	0	0	60	2	40	20	60	0.6666666666666670	1.40265652867676e-37	5.14448687088214e-36
mat-Lepto	5035	C	0	47	0	35	0	0	2	0	82	2	35	47	82	0.4268292682926830	4.98759383862358e-24	1.79881243431529e-22
mat-Lepto	5075	T	0	70	0	19	2	0	0	0	89	2	70	19	89	0.7865168539325840	3.67279694577696e-73	1.38316117043078e-71
mat-Lepto	5099	T	0	75	0	21	1	0	0	0	96	1	75	21	96	0.78125	7.15678024905863e-78	2.70922689749572e-76
mat-Lepto	5131	C	0	74	0	17	0	0	1	0	91	1	17	74	91	0.18681318681318700	2.50185836044949e-06	8.67924895576981e-05
mat-Lepto	5147	T	0	55	0	30	0	0	0	0	85	0	55	30	85	0.6470588235294120	5.12770798409775e-50	1.89106659733977e-48
mat-Lepto	5156	C	0	19	0	60	0	0	0	0	79	0	60	19	79	0.759493670886076	2.94094864129834e-61	1.09265244928237e-59
mat-Lepto	5165	C	0	21	0	66	0	0	0	0	87	0	66	21	87	0.7586206896551720	3.55660031293903e-67	1.33064361638039e-65
mat-Lepto	5177	C	0	29	0	65	0	0	0	0	94	0	65	29	94	0.6914893617021280	9.34740707433172e-62	3.48092050891734e-60
mat-Lepto	5178	C	0	21	0	72	0	0	0	0	93	0	72	21	93	0.7741935483870970	2.70747064256802e-74	1.02106315165247e-72
mat-Lepto	5185	C	0	28	0	60	0	0	0	0	88	0	60	28	88	0.6818181818181820	1.54545385011163e-56	5.72589936640342e-55
mat-Lepto	5199	T	0	63	0	25	0	0	0	0	88	0	63	25	88	0.7159090909090910	1.85196357702837e-61	6.88700029930949e-60
mat-Lepto	5216	T	0	58	0	29	0	0	0	0	87	0	58	29	87	0.6666666666666670	8.16060840198567e-54	3.01652540016547e-52
mat-Lepto	5220	C	0	19	0	67	0	0	2	0	86	2	67	19	86	0.7790697674418610	1.41717744567703e-69	5.31454811580627e-68
mat-Lepto	5235	C	0	64	0	35	0	0	2	0	99	2	35	64	99	0.35353535353535400	8.57209252577068e-21	3.0667340576118e-19
mat-Lepto	5240	C	0	39	0	62	0	0	2	0	101	2	62	39	101	0.6138613861386140	4.45215207844516e-54	1.64647408027523e-52
mat-Lepto	5256	C	0	36	0	76	0	0	2	0	112	2	76	36	112	0.6785714285714290	6.02667206943431e-71	2.2653612675074e-69
mat-Lepto	5289	C	0	22	0	88	0	0	2	0	110	2	88	22	110	0.8	8.06882923782385e-93	3.08657764855858e-91
mat-Lepto	5307	C	0	18	0	83	0	0	2	0	101	2	83	18	101	0.8217821782178220	1.55001786882326e-89	5.91517538487284e-88
mat-Lepto	5322	C	0	24	0	66	0	0	2	0	90	2	66	24	90	0.7333333333333330	1.77418862942172e-65	6.62854746240384e-64
mat-Lepto	5384	T	0	86	0	32	3	0	0	0	118	3	86	32	118	0.7288135593220340	1.87607841835189e-84	7.13230343933664e-83
mat-Lepto	5420	T	0	72	0	35	3	0	0	0	107	3	72	35	107	0.6728971962616820	6.99359280500611e-67	2.61531639060037e-65
mat-Lepto	5445	C	0	62	0	47	0	0	2	0	109	2	47	62	109	0.43119266055045900	5.62221853649672e-32	2.0498450123371e-30
mat-Lepto	5463	C	0	49	0	61	0	0	2	0	110	2	61	49	110	0.5545454545454550	1.88519849008189e-49	6.9492944985062e-48
mat-Lepto	5468	T	0	82	0	31	1	0	0	0	113	1	82	31	113	0.7256637168141590	2.45513525746999e-80	9.31602294618007e-79
mat-Lepto	5522	T	0	80	0	31	3	0	0	0	111	3	80	31	111	0.7207207207207210	5.1564695091067e-78	1.95292444736863e-76
mat-Lepto	5531	T	0	104	0	20	2	0	0	0	124	2	104	20	124	0.8387096774193550	1.07317660887299e-113	4.16490274825312e-112
mat-Lepto	5543	T	0	49	0	84	2	0	0	0	133	2	49	84	133	0.3684210526315790	1.93327418212793e-29	7.02946566213399e-28
mat-Lepto	5563	T	0	107	0	40	2	0	0	0	147	2	107	40	147	0.7278911564625850	1.39416004606902e-104	5.39492792319906e-103
mat-Lepto	5570	C	0	27	0	131	0	0	2	0	158	2	131	27	158	0.8291139240506330	1.86766205254903e-141	7.32991012901924e-140
mat-Lepto	5576	C	0	48	0	110	0	0	2	0	158	2	110	48	158	0.6962025316455700	6.31739256716997e-104	2.44107949549179e-102
mat-Lepto	5610	C	0	30	0	163	0	0	3	0	193	3	163	30	193	0.844559585492228	2.38866757301612e-178	9.50506954464666e-177
mat-Lepto	5624	T	0	154	0	33	3	0	0	0	187	3	154	33	187	0.8235294117647060	4.35568365971144e-165	1.72380915271841e-163
mat-Lepto	5627	C	0	23	0	168	0	0	3	0	191	3	168	23	191	0.8795811518324610	2.34264746126118e-190	9.36848462016689e-189
mat-Lepto	5633	C	0	12	0	167	0	0	3	0	179	3	167	12	179	0.9329608938547490	4.49297570534294e-200	1.8030878754979e-198
mat-Lepto	5643	T	0	151	0	28	3	0	0	0	179	3	151	28	179	0.8435754189944140	3.56983999114257e-165	1.41350134933516e-163
mat-Lepto	5646	C	0	25	0	151	0	0	3	0	176	3	151	25	176	0.8579545454545450	1.44967843951273e-167	5.75146817047296e-166
mat-Lepto	5670	T	0	123	0	35	3	0	0	0	158	3	123	35	158	0.7784810126582280	2.34096869198608e-126	9.14267548344557e-125
mat-Lepto	5672	T	0	123	0	40	3	0	0	0	163	3	123	40	163	0.754601226993865	2.4864672345706e-123	9.69673799530547e-122
mat-Lepto	5679	C	0	23	0	126	0	0	3	0	149	3	126	23	149	0.8456375838926180	2.26559439968588e-138	8.87860286710561e-137
mat-Lepto	5712	C	0	6	0	113	0	0	3	0	119	3	113	6	119	0.9495798319327730	2.46319761603235e-138	9.64826676965395e-137
mat-Lepto	5715	T	0	20	0	99	3	0	0	0	119	3	20	99	119	0.16806722689075600	1.9299558580714e-06	6.70105436251563e-05
mat-Lepto	5768	T	0	26	0	4	0	0	0	0	30	0	26	4	30	0.8666666666666670	3.35225104447454e-30	1.22000005981145e-28
mat-Lepto	5819	T	0	35	0	1	0	0	0	0	36	0	35	1	36	0.9722222222222220	9.96806193143125e-45	3.66434922823087e-43
mat-Lepto	5874	T	0	86	0	9	0	0	0	0	95	0	86	9	95	0.9052631578947370	9.6235946173209e-101	3.70432088436635e-99
mat-Lepto	5876	T	0	88	0	11	0	0	0	0	99	0	88	11	99	0.8888888888888890	2.33183142309968e-101	8.98866028167134e-100
mat-Lepto	5894	C	0	75	0	52	0	0	0	0	127	0	52	75	127	0.4094488188976380	7.7077219756648e-34	2.81277424006698e-32
mat-Lepto	5895	C	0	10	0	117	0	0	0	0	127	0	117	10	127	0.9212598425196850	7.56955763415102e-139	2.96787423206444e-137
mat-Lepto	5898	C	0	14	0	121	0	0	0	0	135	0	121	14	135	0.8962962962962960	7.03674335573638e-140	2.76031937454062e-138
mat-Lepto	5906	T	0	114	0	25	0	0	0	0	139	0	114	25	139	0.8201438848920860	3.29275823706316e-122	1.28348671681379e-120
mat-Lepto	6182	C	0	12	0	28	0	0	1	0	40	1	28	12	40	0.7	1.14960631684647e-27	4.17433205766255e-26
mat-Lepto	6198	T	0	14	0	22	0	0	0	0	36	0	14	22	36	0.3888888888888890	8.11779085821451e-10	2.8469846029978e-08
mat-Lepto	6204	C	0	10	0	25	0	0	0	0	35	0	25	10	35	0.7142857142857140	3.34323677604343e-25	1.21012179048636e-23
mat-Lepto	6205	T	0	24	0	10	0	0	0	0	34	0	24	10	34	0.7058823529411770	4.77997772008914e-24	1.72471069970532e-22
mat-Lepto	6219	T	0	28	0	5	0	0	0	0	33	0	28	5	33	0.8484848484848490	6.9038684191648e-32	2.51598575119172e-30
mat-Lepto	6232	T	0	17	0	4	0	0	0	0	21	0	17	4	21	0.8095238095238100	3.76305515766147e-19	1.34386198947391e-17
rps19	4	C	0	0	0	4	0	0	0	0	4	0	4	0	4	1.0	6.25e-06	0.0001724137931034480
rps19	14	T	0	18	0	4	0	0	0	0	22	0	18	4	22	0.8181818181818180	2.29822345972063e-20	6.56635274205895e-19
rps19	16	T	0	22	0	5	0	0	0	0	27	0	22	5	27	0.8148148148148150	1.50652822569013e-24	4.46378733537815e-23
rps19	22	T	0	27	0	3	0	0	0	0	30	0	27	3	30	0.9	2.60818246752025e-32	8.34618389606479e-31
rps19	118	T	0	313	0	14	0	0	0	0	327	0	313	14	327	0.9571865443425080	0.0	0.0
rps19	128	T	0	320	0	29	0	0	0	0	349	0	320	29	349	0.9169054441260750	0.0	0.0
rps19	137	T	0	327	0	31	0	0	0	0	358	0	327	31	358	0.9134078212290500	0.0	0.0
rps19	145	T	0	345	0	20	0	0	0	0	365	0	345	20	365	0.9452054794520550	0.0	0.0
rps19	148	T	0	314	0	52	0	0	0	0	366	0	314	52	366	0.8579234972677600	0.0	0.0
rps19	151	T	0	298	0	73	0	0	0	0	371	0	298	73	371	0.8032345013477090	1.938709739068e-311	7.75483895627217e-310
rps19	188	T	0	340	0	58	0	0	0	0	398	0	340	58	398	0.8542713567839200	0.0	0.0
rps19	191	T	0	384	0	21	0	0	0	0	405	0	384	21	405	0.9481481481481480	0.0	0.0
rps19	197	T	0	366	0	37	0	0	0	0	403	0	366	37	403	0.9081885856079410	0.0	0.0
rps19	200	T	0	362	0	42	0	0	0	0	404	0	362	42	404	0.8960396039603960	0.0	0.0
rps19	229	T	0	339	0	55	0	0	0	0	394	0	339	55	394	0.8604060913705580	0.0	0.0
rps19	268	T	0	297	0	47	0	0	0	0	344	0	297	47	344	0.8633720930232560	0.0	0.0
rps19	308	C	0	20	0	356	0	0	0	0	376	0	356	20	376	0.9468085106382980	0.0	0.0
rps19	346	T	0	337	0	23	0	0	0	0	360	0	337	23	360	0.9361111111111110	0.0	0.0
rps19	352	C	0	18	0	331	0	0	0	0	349	0	331	18	349	0.9484240687679080	0.0	0.0
rps19	353	T	0	331	0	28	0	0	0	0	359	0	331	28	359	0.9220055710306410	0.0	0.0
rps19	362	C	0	18	0	356	0	0	0	0	374	0	356	18	374	0.9518716577540110	0.0	0.0
rps19	388	T	0	361	0	26	1	0	0	0	387	1	361	26	387	0.9328165374677000	0.0	0.0
rps19	470	T	0	330	0	9	4	0	0	0	339	4	330	9	339	0.9734513274336280	0.0	0.0
rps19	472	T	0	328	0	10	4	0	0	0	338	4	328	10	338	0.9704142011834320	0.0	0.0
rps19	530	C	0	30	0	184	0	0	4	0	214	4	184	30	214	0.8598130841121500	3.22295466748845e-204	1.22779225428131e-202
rps19	535	T	0	129	0	25	4	0	0	0	154	4	129	25	154	0.8376623376623380	1.64879723312625e-140	5.99562630227726e-139
rps19	548	T	0	121	0	32	4	0	0	0	153	4	121	32	153	0.7908496732026140	6.96007928114392e-126	2.42089714126745e-124
rps19	568	C	0	43	0	81	0	0	4	0	124	4	81	43	124	0.6532258064516130	2.01527543574938e-73	6.71758478583128e-72
rps19	592	C	0	43	0	39	0	0	4	0	82	4	39	43	82	0.47560975609756100	8.19335133905334e-29	2.52103118124718e-27
atp9	542	C	0	4301	0	34227	0	0	15	0	38528	15	34227	4301	38528	0.8883669019933550	0.0	0.0
atp9	544	C	0	4299	0	35718	0	0	15	0	40017	15	35718	4299	40017	0.892570657470575	0.0	0.0
atp9	569	T	0	47620	0	1720	20	0	0	0	49340	20	47620	1720	49340	0.9651398459667610	0.0	0.0
atp9	581	T	0	52241	0	2295	22	0	0	0	54536	22	52241	2295	54536	0.9579177057356610	0.0	0.0
atp9	590	C	0	2347	0	58276	0	0	23	0	60623	23	58276	2347	60623	0.9612853207528500	0.0	0.0
atp9	602	T	0	63303	0	3411	23	0	0	0	66714	23	63303	3411	66714	0.948871301376023	0.0	0.0
atp9	605	C	0	4568	0	63404	0	0	22	0	67972	22	63404	4568	67972	0.9327958571176370	0.0	0.0
atp9	611	C	0	3843	0	65042	0	0	22	0	68885	22	65042	3843	68885	0.9442113667707050	0.0	0.0
atp9	623	C	0	1834	0	70978	0	0	20	0	72812	20	70978	1834	72812	0.9748118442015050	0.0	0.0
atp9	628	C	0	4728	0	69401	0	0	17	0	74129	17	69401	4728	74129	0.9362192933939480	0.0	0.0
atp9	632	C	0	2990	0	72921	0	0	15	0	75911	15	72921	2990	75911	0.9606117690453290	0.0	0.0
atp9	635	C	0	4039	0	71836	0	0	16	0	75875	16	71836	4039	75875	0.9467677100494230	0.0	0.0
atp9	641	T	0	70115	0	6692	15	0	0	0	76807	15	70115	6692	76807	0.9128725246396810	0.0	0.0
atp9	649	T	0	61509	0	13430	18	0	0	0	74939	18	61509	13430	74939	0.8207875738934330	0.0	0.0
atp9	656	T	0	70557	0	5746	17	0	0	0	76303	17	70557	5746	76303	0.9246949661219090	0.0	0.0
atp9	659	T	0	66188	0	9075	17	0	0	0	75263	17	66188	9075	75263	0.8794228239639660	0.0	0.0
atp9	670	T	0	57564	0	13773	18	0	0	0	71337	18	57564	13773	71337	0.8069304848816180	0.0	0.0
atp9	674	C	0	5573	0	64517	0	0	18	0	70090	18	64517	5573	70090	0.9204879440719080	0.0	0.0
atp9	686	T	0	63916	0	893	22	0	0	0	64809	22	63916	893	64809	0.9862210495455880	0.0	0.0
atp9	689	C	0	722	0	63987	0	0	22	0	64709	22	63987	722	64709	0.9888423557774030	0.0	0.0
atp9	692	C	0	1537	0	63240	0	0	25	0	64777	25	63240	1537	64777	0.9762724423792400	0.0	0.0
atp9	713	T	0	56802	0	1596	25	0	0	0	58398	25	56802	1596	58398	0.972670296927977	0.0	0.0
atp9	719	T	0	54794	0	2088	29	0	0	0	56882	29	54794	2088	56882	0.9632924299426880	0.0	0.0
atp9	722	C	0	2201	0	53178	0	0	30	0	55379	30	53178	2201	55379	0.9602556925910540	0.0	0.0
atp9	725	C	0	1833	0	53134	0	0	32	0	54967	32	53134	1833	54967	0.9666527189040700	0.0	0.0
atp9	731	C	0	1408	0	52487	0	0	33	0	53895	33	52487	1408	53895	0.9738751275628540	0.0	0.0
atp9	734	C	0	1271	0	50941	0	0	33	0	52212	33	50941	1271	52212	0.9756569371025820	0.0	0.0
atp9	746	C	0	1403	0	24041	0	0	37	0	25444	37	24041	1403	25444	0.9448592988523820	0.0	0.0
atp9	749	C	0	1336	0	23925	0	0	32	0	25261	32	23925	1336	25261	0.947112149162741	0.0	0.0
atp9	752	C	0	1341	0	23603	0	0	33	0	24944	33	23603	1341	24944	0.9462395766517000	0.0	0.0
atp9	761	C	0	940	0	23338	0	0	33	0	24278	33	23338	940	24278	0.9612818189307190	0.0	0.0
atp9	763	C	0	1844	0	22386	0	0	33	0	24230	33	22386	1844	24230	0.9238959966983080	0.0	0.0
atp9	807	T	0	206	0	2634	37	0	0	0	2840	37	206	2634	2840	0.07253521126760560	1.28838775827007e-07	4.6457746812915e-06
atp9	815	T	0	35	0	74	38	0	0	0	109	38	35	74	109	0.3211009174311930	3.09537029180091e-19	1.14997696295391e-17