refID	pos	ref	fA	fC	fG	fU	rA	rC	rG	rU	f_total	r_total	edited	unedited	total	editp	binomial	bBH
atp1	114	C	0	871	0	45232	0	0	21	0	46103	21	45232	871	46103	0.9811075201179966	0.0	0.0
atp1	143	T	0	60198	0	2939	25	0	0	0	63137	25	60198	2939	63137	0.9534504331849787	0.0	0.0
atp1	147	C	0	1003	0	63095	0	0	25	0	64098	25	63095	1003	64098	0.9843520858685139	0.0	0.0
atp1	159	C	0	1125	0	65065	0	0	17	0	66190	17	65065	1125	66190	0.9830034748451427	0.0	0.0
atp1	212	T	0	77754	0	1287	21	0	0	0	79041	21	77754	1287	79041	0.9837173112688352	0.0	0.0
atp1	226	C	0	52038	0	27404	0	0	21	0	79442	21	27404	52038	79442	0.3449560685783339	0.0	0.0
atp1	255	C	0	975	0	81003	0	0	17	0	81978	17	81003	975	81978	0.9881065651760228	0.0	0.0
atp1	315	C	0	834	0	72955	0	0	28	0	73789	28	72955	834	73789	0.9886975023377468	0.0	0.0
atp1	320	T	0	73719	0	1211	29	0	0	0	74930	29	73719	1211	74930	0.9838382490324302	0.0	0.0
atp1	321	C	0	804	0	73469	0	0	29	0	74273	29	73469	804	74273	0.9891750703485789	0.0	0.0
atp1	351	C	0	910	0	67031	0	0	37	0	67941	37	67031	910	67941	0.9866060258165172	0.0	0.0
atp1	394	C	0	63311	0	5162	0	0	44	0	68473	44	5162	63311	68473	0.07538737896689206	2.858956371244868e-178	1.6403281804923876e-176
atp1	435	C	0	915	0	74741	0	0	57	0	75656	57	74741	915	75656	0.9879057840752882	0.0	0.0
atp1	440	T	0	74308	0	1179	57	0	0	0	75487	57	74308	1179	75487	0.9843814166677706	0.0	0.0
atp1	658	C	0	814	0	4541	0	0	120	0	5355	120	4541	814	5355	0.8479925303454715	0.0	0.0
atp1	742	C	0	1379	0	5708	0	0	383	0	7087	383	5708	1379	7087	0.8054183716664315	0.0	0.0
atp1	851	C	0	448	0	5435	0	0	505	0	5883	505	5435	448	5883	0.9238483766785653	0.0	0.0
atp1	852	C	0	450	0	5455	0	0	498	0	5905	498	5455	450	5905	0.9237933954276037	0.0	0.0
atp1	971	C	0	819	0	6567	0	0	342	0	7386	342	6567	819	7386	0.8891145410235581	0.0	0.0
atp1	1347	C	0	488	0	3105	0	0	73	0	3593	73	3105	488	3593	0.8641803506818815	0.0	0.0
atp1	1369	T	0	85808	0	4195	91	0	0	0	90003	91	85808	4195	90003	0.9533904425408042	0.0	0.0
atp1	1391	T	0	93995	0	569	86	0	0	0	94564	86	93995	569	94564	0.9939829110443721	0.0	0.0
atp1	1392	C	0	6543	0	85839	0	0	87	0	92382	87	85839	6543	92382	0.9291745145158148	0.0	0.0
atp1	1432	T	0	85165	0	607	90	0	0	0	85772	90	85165	607	85772	0.9929230984470456	0.0	0.0
atp1	1460	C	0	651	0	81527	0	0	107	0	82178	107	81527	651	82178	0.9920781717734674	0.0	0.0
atp1	1466	T	0	76095	0	618	107	0	0	0	76713	107	76095	618	76713	0.9919439990614368	0.0	0.0
atp1	1480	T	0	72360	0	2325	106	0	0	0	74685	106	72360	2325	74685	0.9688692508535851	0.0	0.0
atp1	1483	T	0	76647	0	2011	103	0	0	0	78658	103	76647	2011	78658	0.9744336240433268	0.0	0.0
atp1	1490	C	0	953	0	76284	0	0	107	0	77237	107	76284	953	77237	0.9876613540142678	0.0	0.0
atp1	1504	T	0	71205	0	4478	102	0	0	0	75683	102	71205	4478	75683	0.9408321551735529	0.0	0.0
atp1	1512	C	0	70137	0	8198	0	0	104	0	78335	104	8198	70137	78335	0.10465309248739388	0.0	0.0
atp1	1538	T	0	69315	0	520	94	0	0	0	69835	94	69315	520	69835	0.9925538769957758	0.0	0.0
atp1	1544	C	0	400	0	70015	0	0	93	0	70415	93	70015	400	70415	0.9943193921749627	0.0	0.0
atp1	1549	T	0	66234	0	1633	89	0	0	0	67867	89	66234	1633	67867	0.9759382321304905	0.0	0.0
atp1	1556	C	0	560	0	69401	0	0	83	0	69961	83	69401	560	69961	0.9919955403724933	0.0	0.0
atp1	1567	T	0	68132	0	1397	73	0	0	0	69529	73	68132	1397	69529	0.9799076644277928	0.0	0.0
atp1	1577	T	0	64148	0	452	87	0	0	0	64600	87	64148	452	64600	0.9930030959752322	0.0	0.0
atp1	1597	C	0	450	0	67225	0	0	89	0	67675	89	67225	450	67675	0.9933505725895826	0.0	0.0
atp1	1599	C	0	63942	0	4383	0	0	86	0	68325	86	4383	63942	68325	0.06414928649835346	6.349780548270309e-60	3.538267048977503e-58
atp1	1618	T	0	65085	0	403	89	0	0	0	65488	89	65085	403	65488	0.9938462008306865	0.0	0.0
atp1	1624	T	0	65651	0	506	91	0	0	0	66157	91	65651	506	66157	0.9923515274271808	0.0	0.0
atp1	1639	T	0	62154	0	1076	88	0	0	0	63230	88	62154	1076	63230	0.9829827613474617	0.0	0.0
atp1	1655	C	0	635	0	64901	0	0	84	0	65536	84	64901	635	65536	0.9903106689453125	0.0	0.0
atp1	1673	C	0	429	0	62263	0	0	76	0	62692	76	62263	429	62692	0.993157021629554	0.0	0.0
atp1	1681	C	0	505	0	62948	0	0	79	0	63453	79	62948	505	63453	0.9920413534427056	0.0	0.0
atp1	1682	T	0	63764	0	763	80	0	0	0	64527	80	63764	763	64527	0.9881754924295256	0.0	0.0
atp1	1688	C	0	517	0	64854	0	0	78	0	65371	78	64854	517	65371	0.992091294304814	0.0	0.0
atp1	1691	C	0	445	0	65096	0	0	82	0	65541	82	65096	445	65541	0.9932103568758487	0.0	0.0
atp1	1711	T	0	66491	0	463	80	0	0	0	66954	80	66491	463	66954	0.9930848044926367	0.0	0.0
atp1	1723	T	0	56647	0	859	83	0	0	0	57506	83	56647	859	57506	0.9850624282683547	0.0	0.0
atp1	1736	T	0	52387	0	432	80	0	0	0	52819	80	52387	432	52819	0.9918211249739677	0.0	0.0
atp1	1741	C	0	514	0	52913	0	0	85	0	53427	85	52913	514	53427	0.9903793961854493	0.0	0.0
atp1	1763	C	0	606	0	49361	0	0	84	0	49967	84	49361	606	49967	0.9878719955170413	0.0	0.0
atp1	1766	C	0	466	0	51553	0	0	82	0	52019	82	51553	466	52019	0.9910417347507642	0.0	0.0
atp1	1790	C	0	373	0	47646	0	0	85	0	48019	85	47646	373	48019	0.9922322414044441	0.0	0.0
atp1	1808	C	0	605	0	44124	0	0	75	0	44729	75	44124	605	44729	0.9864740995774554	0.0	0.0
atp1	1809	C	0	40042	0	5661	0	0	72	0	45703	72	5661	40042	45703	0.12386495416055839	0.0	0.0
atp1	1816	T	0	45614	0	508	66	0	0	0	46122	66	45614	508	46122	0.9889857334894411	0.0	0.0
atp1	1831	T	0	41817	0	392	65	0	0	0	42209	65	41817	392	42209	0.9907128811390935	0.0	0.0
atp1	1834	T	0	41761	0	1073	67	0	0	0	42834	67	41761	1073	42834	0.9749498062286969	0.0	0.0
atp1	1847	C	0	499	0	44520	0	0	66	0	45019	66	44520	499	45019	0.98891579111042	0.0	0.0
atp1	1850	C	0	371	0	44447	0	0	68	0	44818	68	44447	371	44818	0.9917220759516265	0.0	0.0
atp1	1852	T	0	44723	0	422	65	0	0	0	45145	65	44723	422	45145	0.9906523424520988	0.0	0.0
atp1	1855	T	0	44466	0	683	66	0	0	0	45149	66	44466	683	45149	0.9848723116791069	0.0	0.0
atp1	1859	T	0	45315	0	350	65	0	0	0	45665	65	45315	350	45665	0.9923354866965948	0.0	0.0
atp1	1862	T	0	45800	0	374	69	0	0	0	46174	69	45800	374	46174	0.9919002035777711	0.0	0.0
atp1	1874	T	0	45622	0	526	74	0	0	0	46148	74	45622	526	46148	0.9886018895726792	0.0	0.0
atp1	1877	C	0	723	0	44239	0	0	74	0	44962	74	44239	723	44962	0.9839197544593212	0.0	0.0
atp1	1880	T	0	45274	0	753	74	0	0	0	46027	74	45274	753	46027	0.9836400373693701	0.0	0.0
atp1	1881	C	0	582	0	45442	0	0	75	0	46024	75	45442	582	46024	0.9873544237788979	0.0	0.0
atp1	1894	C	0	676	0	44163	0	0	71	0	44839	71	44163	676	44839	0.9849238386226277	0.0	0.0
atp1	1898	C	0	837	0	44863	0	0	68	0	45700	68	44863	837	45700	0.9816849015317287	0.0	0.0
atp1	1900	T	0	44810	0	915	66	0	0	0	45725	66	44810	915	45725	0.9799890650628759	0.0	0.0
atp1	1903	C	0	1175	0	43758	0	0	64	0	44933	64	43758	1175	44933	0.9738499543765161	0.0	0.0
atp1	1904	T	0	45925	0	589	63	0	0	0	46514	63	45925	589	46514	0.9873371458055639	0.0	0.0
atp1	1906	T	0	45847	0	1047	64	0	0	0	46894	64	45847	1047	46894	0.9776730498571246	0.0	0.0
atp1	1910	C	0	975	0	46120	0	0	60	0	47095	60	46120	975	47095	0.9792971653041724	0.0	0.0
atp1	1913	C	0	1398	0	45751	0	0	61	0	47149	61	45751	1398	47149	0.9703493181191541	0.0	0.0
atp1	1926	C	0	2305	0	44644	0	0	63	0	46949	63	44644	2305	46949	0.9509041726128352	0.0	0.0
atp1	1934	T	0	48397	0	632	65	0	0	0	49029	65	48397	632	49029	0.9871096697872688	0.0	0.0
atp1	1939	T	0	48365	0	2020	67	0	0	0	50385	67	48365	2020	50385	0.9599087029870002	0.0	0.0
atp1	1958	C	0	498	0	48023	0	0	68	0	48521	68	48023	498	48521	0.9897364027946662	0.0	0.0
atp1	1961	T	0	48736	0	707	69	0	0	0	49443	69	48736	707	49443	0.9857007058633174	0.0	0.0
atp1	1967	C	0	519	0	48418	0	0	64	0	48937	64	48418	519	48937	0.9893945276580093	0.0	0.0
atp1	1970	T	0	48432	0	626	60	0	0	0	49058	60	48432	626	49058	0.9872395939500184	0.0	0.0
atp1	1984	T	0	49497	0	1044	64	0	0	0	50541	64	49497	1044	50541	0.979343503294355	0.0	0.0
atp1	2000	T	0	45369	0	489	71	0	0	0	45858	71	45369	489	45858	0.9893366479131231	0.0	0.0
atp1	2003	T	0	46099	0	752	69	0	0	0	46851	69	46099	752	46851	0.9839491152803569	0.0	0.0
atp1	2005	C	0	378	0	46426	0	0	67	0	46804	67	46426	378	46804	0.9919237671993847	0.0	0.0
atp1	2009	C	0	659	0	46316	0	0	73	0	46975	73	46316	659	46975	0.985971261309207	0.0	0.0
atp1	2012	T	0	46259	0	1042	72	0	0	0	47301	72	46259	1042	47301	0.9779708674235217	0.0	0.0
atp1	2015	T	0	46660	0	847	71	0	0	0	47507	71	46660	847	47507	0.9821710484770665	0.0	0.0
atp1	2026	C	0	1008	0	46709	0	0	71	0	47717	71	46709	1008	47717	0.9788754531927825	0.0	0.0
atp1	2027	T	0	46626	0	1744	72	0	0	0	48370	72	46626	1744	48370	0.9639445937564606	0.0	0.0
atp1	2041	T	0	52176	0	2516	69	0	0	0	54692	69	52176	2516	54692	0.953996928252761	0.0	0.0
atp1	2047	C	0	539	0	56057	0	0	67	0	56596	67	56057	539	56596	0.9904763587532688	0.0	0.0
atp1	2048	C	0	403	0	56214	0	0	66	0	56617	66	56214	403	56617	0.9928819965734673	0.0	0.0
atp1	2051	C	0	976	0	54849	0	0	66	0	55825	66	54849	976	55825	0.9825167935512763	0.0	0.0
atp1	2063	C	0	415	0	58930	0	0	68	0	59345	68	58930	415	59345	0.993006993006993	0.0	0.0
atp1	2080	T	0	57854	0	468	63	0	0	0	58322	63	57854	468	58322	0.9919755838277151	0.0	0.0
atp1	2084	T	0	58715	0	369	70	0	0	0	59084	70	58715	369	59084	0.9937546543903595	0.0	0.0
atp1	2087	T	0	58094	0	598	67	0	0	0	58692	67	58094	598	58692	0.9898112178831868	0.0	0.0
atp1	2104	C	0	728	0	59761	0	0	61	0	60489	61	59761	728	60489	0.9879647539222007	0.0	0.0
atp1	2105	T	0	61274	0	957	62	0	0	0	62231	62	61274	957	62231	0.9846218122800533	0.0	0.0
atp1	2106	C	0	58890	0	4728	0	0	60	0	63618	60	4728	58890	63618	0.07431858907856267	4.4357529976044747e-153	2.5324998534957132e-151
atp1	2113	T	0	62711	0	1435	57	0	0	0	64146	57	62711	1435	64146	0.9776291584822124	0.0	0.0
atp1	2131	T	0	68025	0	2298	51	0	0	0	70323	51	68025	2298	70323	0.9673222132161597	0.0	0.0
atp1	2155	C	0	550	0	74341	0	0	38	0	74891	38	74341	550	74891	0.9926559933770412	0.0	0.0
atp1	2171	C	0	381	0	73511	0	0	35	0	73892	35	73511	381	73892	0.9948438261246143	0.0	0.0
atp1	2177	C	0	703	0	72096	0	0	38	0	72799	38	72096	703	72799	0.9903432739460707	0.0	0.0
atp1	2182	T	0	69009	0	504	40	0	0	0	69513	40	69009	504	69513	0.992749557636701	0.0	0.0
atp1	2185	C	0	411	0	68657	0	0	39	0	69068	39	68657	411	69068	0.9940493426767824	0.0	0.0
atp1	2209	T	0	69193	0	379	42	0	0	0	69572	42	69193	379	69572	0.9945524061404013	0.0	0.0
atp1	2239	T	0	74147	0	526	44	0	0	0	74673	44	74147	526	74673	0.9929559546288484	0.0	0.0
atp1	2249	C	0	700	0	75989	0	0	48	0	76689	48	75989	700	76689	0.9908722241781742	0.0	0.0
atp1	2267	C	0	759	0	79974	0	0	39	0	80733	39	79974	759	80733	0.9905986399613541	0.0	0.0
atp1	2271	C	0	74797	0	8202	0	0	39	0	82999	39	8202	74797	82999	0.09882046771647851	0.0	0.0
atp1	2279	C	0	491	0	77818	0	0	43	0	78309	43	77818	491	78309	0.9937299671812946	0.0	0.0
atp1	2284	T	0	80918	0	540	46	0	0	0	81458	46	80918	540	81458	0.9933708168626777	0.0	0.0
atp1	2290	T	0	81806	0	759	47	0	0	0	82565	47	81806	759	82565	0.990807242778417	0.0	0.0
atp1	2310	C	0	71564	0	4653	0	0	52	0	76217	52	4653	71564	76217	0.06104937218730729	4.337781575823833e-42	2.4004842110279347e-40
atp1	2314	T	0	76847	0	813	53	0	0	0	77660	53	76847	813	77660	0.9895312902395056	0.0	0.0
atp1	2317	T	0	77626	0	616	54	0	0	0	78242	54	77626	616	78242	0.9921269906188492	0.0	0.0
atp1	2332	C	0	401	0	77118	0	0	54	0	77519	54	77118	401	77519	0.9948270746526658	0.0	0.0
atp1	2333	C	0	563	0	76376	0	0	55	0	76939	55	76376	563	76939	0.9926825147194531	0.0	0.0
atp1	2354	C	0	440	0	77355	0	0	59	0	77795	59	77355	440	77795	0.9943441095186066	0.0	0.0
atp1	2359	T	0	76291	0	454	51	0	0	0	76745	51	76291	454	76745	0.9940843051664604	0.0	0.0
atp1	2383	T	0	79100	0	1703	54	0	0	0	80803	54	79100	1703	80803	0.9789240498496343	0.0	0.0
atp1	2402	C	0	603	0	80517	0	0	60	0	81120	60	80517	603	81120	0.9925665680473372	0.0	0.0
atp1	2443	T	0	61064	0	593	61	0	0	0	61657	61	61064	593	61657	0.9903822761405842	0.0	0.0
atp1	2467	T	0	43410	0	494	70	0	0	0	43904	70	43410	494	43904	0.9887481778425656	0.0	0.0
atp1	2477	C	0	851	0	42261	0	0	72	0	43112	72	42261	851	43112	0.9802607162738912	0.0	0.0
atp1	2488	C	0	249	0	33940	0	0	68	0	34189	68	33940	249	34189	0.9927169557460002	0.0	0.0
atp1	2491	T	0	33205	0	738	68	0	0	0	33943	68	33205	738	33943	0.9782576672657102	0.0	0.0
atp1	2501	T	0	33024	0	542	67	0	0	0	33566	67	33024	542	33566	0.9838527080974796	0.0	0.0
atp1	2536	C	0	234	0	22337	0	0	47	0	22571	47	22337	234	22571	0.9896327145452128	0.0	0.0
atp1	2592	T	0	24	0	111	25	0	0	0	135	25	24	111	135	0.17777777777777778	6.416186179348228e-8	3.444825961039583e-6
atp4	1194	C	0	551	0	63	0	0	4	0	614	4	63	551	614	0.10260586319218241	8.805212503155847e-8	4.72505702275153e-6
atp4	1373	C	0	2450	0	17586	0	0	11	0	20036	11	17586	2450	20036	0.8777201038131364	0.0	0.0
atp4	1392	C	0	2209	0	21039	0	0	11	0	23248	11	21039	2209	23248	0.9049810736407433	0.0	0.0
atp4	1399	C	0	13615	0	9663	0	0	11	0	23278	11	9663	13615	23278	0.4151129822149669	0.0	0.0
atp4	1400	C	0	2371	0	21134	0	0	11	0	23505	11	21134	2371	23505	0.8991278451393321	0.0	0.0
atp4	1406	C	0	1692	0	22235	0	0	11	0	23927	11	22235	1692	23927	0.9292849082626322	0.0	0.0
atp4	1415	C	0	2394	0	23144	0	0	11	0	25538	11	23144	2394	25538	0.9062573420001566	0.0	0.0
atp4	1426	T	0	24370	0	4331	11	0	0	0	28701	11	24370	4331	28701	0.849099334517961	0.0	0.0
atp4	1433	C	0	3125	0	26587	0	0	11	0	29712	11	26587	3125	29712	0.8948236402800216	0.0	0.0
atp4	1465	C	0	2055	0	30520	0	0	11	0	32575	11	30520	2055	32575	0.9369148119723715	0.0	0.0
atp4	1484	C	0	2794	0	29583	0	0	8	0	32377	8	29583	2794	32377	0.9137041727151991	0.0	0.0
atp4	1485	C	0	3031	0	29625	0	0	8	0	32656	8	29625	3031	32656	0.9071839784419402	0.0	0.0
atp4	1486	C	0	4323	0	28314	0	0	8	0	32637	8	28314	4323	32637	0.8675429726996967	0.0	0.0
atp4	1492	T	0	26945	0	4676	11	0	0	0	31621	11	26945	4676	31621	0.8521235887543088	0.0	0.0
atp4	1854	C	0	46444	0	3190	0	0	6	0	49634	6	3190	46444	49634	0.06427045976548333	8.697592169263279e-45	4.815709750104013e-43
atp4	1904	C	0	3406	0	37231	0	0	0	0	40637	0	37231	3406	40637	0.9161847577331004	0.0	0.0
atp4	1927	C	0	1420	0	35740	0	0	2	0	37160	2	35740	1420	37160	0.9617868675995694	0.0	0.0
atp4	2209	T	0	96	0	822	2	0	0	0	918	2	96	822	918	0.10457516339869281	1.7524868843032553e-11	9.487037806839592e-10
atp6	1680	C	0	4914	0	14278	0	0	7	0	19192	7	14278	4914	19192	0.7439558149228845	0.0	0.0
atp6	1703	C	0	173	0	23625	0	0	7	0	23798	7	23625	173	23798	0.9927304815530716	0.0	0.0
atp6	1719	C	0	271	0	25710	0	0	5	0	25981	5	25710	271	25981	0.9895693006427774	0.0	0.0
atp6	1743	C	0	97	0	30230	0	0	5	0	30327	5	30230	97	30327	0.9968015299897781	0.0	0.0
atp6	1745	C	0	458	0	30194	0	0	7	0	30652	7	30194	458	30652	0.985058071251468	0.0	0.0
atp6	1752	T	0	31248	0	463	7	0	0	0	31711	7	31248	463	31711	0.9853993882249061	0.0	0.0
atp6	1755	C	0	223	0	31566	0	0	6	0	31789	6	31566	223	31789	0.9929849948095253	0.0	0.0
atp6	1758	T	0	30873	0	1008	8	0	0	0	31881	8	30873	1008	31881	0.9683824221323045	0.0	0.0
atp6	1773	C	0	790	0	31127	0	0	11	0	31917	11	31127	790	31917	0.9752483002788482	0.0	0.0
atp6	1779	C	0	636	0	30974	0	0	10	0	31610	10	30974	636	31610	0.9798797848782032	0.0	0.0
atp6	1782	C	0	397	0	30740	0	0	8	0	31137	8	30740	397	31137	0.9872498956225713	0.0	0.0
atp6	1783	C	0	4400	0	26809	0	0	9	0	31209	9	26809	4400	31209	0.8590150277163638	0.0	0.0
atp6	1800	C	0	671	0	32420	0	0	7	0	33091	7	32420	671	33091	0.9797225831797165	0.0	0.0
atp6	1856	T	0	30708	0	643	11	0	0	0	31351	11	30708	643	31351	0.9794902873911518	0.0	0.0
atp6	1877	C	0	118	0	32493	0	0	12	0	32611	12	32493	118	32611	0.9963815890343749	0.0	0.0
atp6	1890	C	0	309	0	31124	0	0	11	0	31433	11	31124	309	31433	0.9901695670155569	0.0	0.0
atp6	1907	T	0	31341	0	698	14	0	0	0	32039	14	31341	698	32039	0.9782140516245825	0.0	0.0
atp6	1928	T	0	24246	0	1377	14	0	0	0	25623	14	24246	1377	25623	0.946259220231823	0.0	0.0
atp6	1931	T	0	22487	0	3231	14	0	0	0	25718	14	22487	3231	25718	0.8743681468232366	0.0	0.0
atp6	1935	C	0	226	0	25602	0	0	15	0	25828	15	25602	226	25828	0.9912498064116463	0.0	0.0
atp6	1941	T	0	24952	0	324	14	0	0	0	25276	14	24952	324	25276	0.9871815160626681	0.0	0.0
atp6	1944	C	0	1025	0	22012	0	0	13	0	23037	13	22012	1025	23037	0.9555063593349828	0.0	0.0
atp6	1949	C	0	6242	0	14140	0	0	14	0	20382	14	14140	6242	20382	0.6937493867137671	0.0	0.0
atp6	1964	C	0	348	0	18774	0	0	14	0	19122	14	18774	348	19122	0.9818010668340131	0.0	0.0
atp6	1965	C	0	331	0	18893	0	0	14	0	19224	14	18893	331	19224	0.9827819392426134	0.0	0.0
atp6	1976	C	0	345	0	19900	0	0	13	0	20245	13	19900	345	20245	0.9829587552482094	0.0	0.0
atp6	1983	C	0	680	0	20371	0	0	14	0	21051	14	20371	680	21051	0.9676974965559831	0.0	0.0
atp6	1985	T	0	20094	0	879	13	0	0	0	20973	13	20094	879	20973	0.9580889715348305	0.0	0.0
atp6	2000	C	0	471	0	23002	0	0	10	0	23473	10	23002	471	23473	0.9799343927065138	0.0	0.0
atp6	2025	C	0	312	0	24415	0	0	9	0	24727	9	24415	312	24727	0.9873822137744166	0.0	0.0
atp6	2029	C	0	21625	0	3079	0	0	7	0	24704	7	3079	21625	24704	0.12463568652849741	0.0	0.0
atp6	2034	T	0	24725	0	221	8	0	0	0	24946	8	24725	221	24946	0.9911408642668164	0.0	0.0
atp6	2042	T	0	21540	0	554	7	0	0	0	22094	7	21540	554	22094	0.974925319091156	0.0	0.0
atp6	2043	C	0	551	0	21927	0	0	7	0	22478	7	21927	551	22478	0.9754871429842513	0.0	0.0
atp6	2045	C	0	536	0	22386	0	0	7	0	22922	7	22386	536	22922	0.9766163511037431	0.0	0.0
atp6	2046	T	0	22212	0	697	5	0	0	0	22909	5	22212	697	22909	0.9695752760923655	0.0	0.0
atp6	2055	C	0	508	0	23331	0	0	6	0	23839	6	23331	508	23839	0.9786903813079407	0.0	0.0
atp6	2058	C	0	398	0	23517	0	0	5	0	23915	5	23517	398	23915	0.9833577252770228	0.0	0.0
atp6	2060	C	0	522	0	23254	0	0	8	0	23776	8	23254	522	23776	0.9780450874831763	0.0	0.0
atp6	2067	C	0	982	0	23579	0	0	4	0	24561	4	23579	982	24561	0.9600179145800253	0.0	0.0
atp6	2082	C	0	1124	0	24405	0	0	5	0	25529	5	24405	1124	25529	0.9559716400955776	0.0	0.0
atp6	2084	T	0	24659	0	2026	4	0	0	0	26685	4	24659	2026	26685	0.9240771969271127	0.0	0.0
atp6	2102	C	0	1173	0	24183	0	0	4	0	25356	4	24183	1173	25356	0.9537387600567913	0.0	0.0
atp6	2111	C	0	12500	0	13214	0	0	4	0	25714	4	13214	12500	25714	0.5138834875943066	0.0	0.0
atp6	2135	C	0	11359	0	15758	0	0	4	0	27117	4	15758	11359	27117	0.5811114798834679	0.0	0.0
atp6	2136	C	0	206	0	27007	0	0	3	0	27213	3	27007	206	27213	0.9924300885606144	0.0	0.0
atp6	2154	C	0	396	0	24844	0	0	4	0	25240	4	24844	396	25240	0.9843106180665611	0.0	0.0
atp6	2163	C	0	189	0	24638	0	0	3	0	24827	3	24638	189	24827	0.9923873202561727	0.0	0.0
atp6	2174	C	0	136	0	25143	0	0	4	0	25279	4	25143	136	25279	0.9946200403496974	0.0	0.0
atp6	2175	T	0	25080	0	336	4	0	0	0	25416	4	25080	336	25416	0.9867799811142587	0.0	0.0
atp6	2180	C	0	318	0	25619	0	0	5	0	25937	5	25619	318	25937	0.987739522689594	0.0	0.0
atp6	2215	C	0	19612	0	2041	0	0	7	0	21653	7	2041	19612	21653	0.09425945596453147	4.268737787391243e-158	2.439812494675257e-156
atp6	2234	T	0	19025	0	149	8	0	0	0	19174	8	19025	149	19174	0.9922290601856681	0.0	0.0
atp6	2241	C	0	172	0	19319	0	0	12	0	19491	12	19319	172	19491	0.9911754142937766	0.0	0.0
atp6	2253	C	0	378	0	19293	0	0	12	0	19671	12	19293	378	19671	0.9807838950739668	0.0	0.0
atp6	2267	C	0	317	0	17500	0	0	13	0	17817	13	17500	317	17817	0.9822080035920749	0.0	0.0
atp6	2337	C	0	116	0	8493	0	0	14	0	8609	14	8493	116	8609	0.9865257288883726	0.0	0.0
atp6	2346	C	0	270	0	7885	0	0	14	0	8155	14	7885	270	8155	0.9668914776210914	0.0	0.0
atp6	2352	C	0	106	0	7884	0	0	14	0	7990	14	7884	106	7990	0.9867334167709637	0.0	0.0
atp6	2369	T	0	4073	0	242	13	0	0	0	4315	13	4073	242	4315	0.9439165701042874	0.0	0.0
atp6	2381	C	0	114	0	4148	0	0	16	0	4262	16	4148	114	4262	0.9732519943688409	0.0	0.0
atp6	2382	C	0	157	0	4104	0	0	17	0	4261	17	4104	157	4261	0.9631541891574747	0.0	0.0
atp6	2385	T	0	4101	0	138	17	0	0	0	4239	17	4101	138	4239	0.967445152158528	0.0	0.0
atp6	2391	C	0	206	0	3966	0	0	17	0	4172	17	3966	206	4172	0.9506232023010547	0.0	0.0
atp6	2396	C	0	126	0	3656	0	0	14	0	3782	14	3656	126	3782	0.9666842940243258	0.0	0.0
atp6	2402	C	0	91	0	3684	0	0	13	0	3775	13	3684	91	3775	0.9758940397350994	0.0	0.0
atp6	2406	C	0	405	0	3333	0	0	14	0	3738	14	3333	405	3738	0.891653290529695	0.0	0.0
atp6	2449	T	0	90	0	627	13	0	0	0	717	13	90	627	717	0.12552301255230125	2.6612761567325626e-15	1.448177775288636e-13
atp8	129	C	0	403	0	6667	0	0	2	0	7070	2	6667	403	7070	0.942998585572843	0.0	0.0
atp8	130	T	0	6092	0	1138	2	0	0	0	7230	2	6092	1138	7230	0.8426002766251729	0.0	0.0
atp8	134	C	0	556	0	7092	0	0	2	0	7648	2	7092	556	7648	0.9273012552301255	0.0	0.0
atp8	139	T	0	6837	0	1058	2	0	0	0	7895	2	6837	1058	7895	0.865991133628879	0.0	0.0
atp8	146	T	0	7945	0	533	2	0	0	0	8478	2	7945	533	8478	0.9371313989148384	0.0	0.0
atp8	157	T	0	7593	0	1054	2	0	0	0	8647	2	7593	1054	8647	0.8781080143402336	0.0	0.0
atp8	162	C	0	2658	0	6131	0	0	2	0	8789	2	6131	2658	8789	0.6975765160996701	0.0	0.0
atp8	166	C	0	801	0	8157	0	0	2	0	8958	2	8157	801	8958	0.9105827193569993	0.0	0.0
atp8	172	C	0	469	0	8449	0	0	5	0	8918	5	8449	469	8918	0.9474097331240189	0.0	0.0
atp8	181	C	0	556	0	9503	0	0	6	0	10059	6	9503	556	10059	0.944726115916095	0.0	0.0
atp8	193	C	0	657	0	9509	0	0	6	0	10166	6	9509	657	10166	0.9353728113318907	0.0	0.0
atp8	203	C	0	924	0	9595	0	0	6	0	10519	6	9595	924	10519	0.912158950470577	0.0	0.0
atp8	205	C	0	952	0	9728	0	0	6	0	10680	6	9728	952	10680	0.9108614232209737	0.0	0.0
atp8	228	C	0	8992	0	2452	0	0	5	0	11444	5	2452	8992	11444	0.21426074799021322	0.0	0.0
atp8	232	T	0	11175	0	424	5	0	0	0	11599	5	11175	424	11599	0.9634451245797051	0.0	0.0
atp8	239	C	0	372	0	11782	0	0	5	0	12154	5	11782	372	12154	0.9693927924962975	0.0	0.0
atp8	245	C	0	502	0	11658	0	0	6	0	12160	6	11658	502	12160	0.9587171052631579	0.0	0.0
atp8	247	T	0	11166	0	1247	6	0	0	0	12413	6	11166	1247	12413	0.8995408039958108	0.0	0.0
atp8	267	C	0	11903	0	961	0	0	7	0	12864	7	961	11903	12864	0.07470460199004975	1.6366661000449522e-33	9.018927960585264e-32
atp8	295	T	0	10962	0	764	9	0	0	0	11726	9	10962	764	11726	0.9348456421627154	0.0	0.0
atp8	317	C	0	711	0	11604	0	0	9	0	12315	9	11604	711	12315	0.9422655298416566	0.0	0.0
atp8	348	C	0	13281	0	848	0	0	9	0	14129	9	848	13281	14129	0.06001840186849742	6.060445854991245e-8	3.2555032541361713e-6
atp8	376	T	0	12643	0	625	10	0	0	0	13268	10	12643	625	13268	0.9528941814892976	0.0	0.0
atp8	428	C	0	513	0	13390	0	0	9	0	13903	9	13390	513	13903	0.9631014888872905	0.0	0.0
atp8	439	C	0	1021	0	12935	0	0	7	0	13956	7	12935	1021	13956	0.926841501862998	0.0	0.0
atp8	448	C	0	759	0	12374	0	0	7	0	13133	7	12374	759	13133	0.9422066549912435	0.0	0.0
atp8	466	C	0	547	0	13140	0	0	6	0	13687	6	13140	547	13687	0.9600350697742384	0.0	0.0
atp8	470	T	0	13067	0	778	6	0	0	0	13845	6	13067	778	13845	0.9438064283134706	0.0	0.0
atp8	472	T	0	12783	0	1227	6	0	0	0	14010	6	12783	1227	14010	0.9124197002141328	0.0	0.0
atp8	479	C	0	907	0	12945	0	0	6	0	13852	6	12945	907	13852	0.934522090672827	0.0	0.0
atp8	487	T	0	13044	0	920	6	0	0	0	13964	6	13044	920	13964	0.9341162990547122	0.0	0.0
atp8	495	C	0	11588	0	2822	0	0	6	0	14410	6	2822	11588	14410	0.19583622484385843	0.0	0.0
atp8	510	C	0	11979	0	805	0	0	6	0	12784	6	805	11979	12784	0.06296933667083855	5.0263794825975755e-11	2.7153884609193106e-9
atp8	545	T	0	10953	0	512	5	0	0	0	11465	5	10953	512	11465	0.9553423462712604	0.0	0.0
atp8	774	C	0	4215	0	4883	0	0	11	0	9098	11	4883	4215	9098	0.5367113651351946	0.0	0.0
atp8	880	C	0	948	0	8744	0	0	4	0	9692	4	8744	948	9692	0.9021873710276517	0.0	0.0
atp8	892	T	0	7872	0	979	3	0	0	0	8851	3	7872	979	8851	0.8893910292622302	0.0	0.0
atp8	895	C	0	7467	0	1378	0	0	3	0	8845	3	1378	7467	8845	0.15579423403052572	8.53347305375634e-300	5.0457117411231604e-298
atp8	923	C	0	248	0	6718	0	0	1	0	6966	1	6718	248	6966	0.964398507034166	0.0	0.0
atp8	961	T	0	255	0	3298	2	0	0	0	3553	2	255	3298	3553	0.07177033492822966	1.1872513096087108e-8	6.39402148597516e-7
atp8	964	T	0	251	0	985	2	0	0	0	1236	2	251	985	1236	0.20307443365695793	8.538029877433386e-80	4.788262810489749e-78
atp8	973	T	0	22	0	154	1	0	0	0	176	1	22	154	176	0.125	7.686420406386954e-5	0.004076534030757913
atp8	1612	T	0	6	0	2	0	0	0	0	8	0	6	2	8	0.75	4.008203125000006e-7	2.1486765649050827e-5
atp8	1615	T	0	5	0	1	0	0	0	0	6	0	5	1	6	0.8333333333333334	1.7968750000000032e-6	9.612775217613944e-5
atp9	448	C	0	16646	0	93753	0	0	10	0	110399	10	93753	16646	110399	0.8492196487287023	0.0	0.0
atp9	450	C	0	19490	0	92130	0	0	10	0	111620	10	92130	19490	111620	0.82538971510482	0.0	0.0
atp9	496	C	0	6768	0	149656	0	0	14	0	156424	14	149656	6768	156424	0.9567329821510766	0.0	0.0
atp9	508	T	0	155783	0	7933	16	0	0	0	163716	16	155783	7933	163716	0.9515441374086834	0.0	0.0
atp9	511	C	0	7758	0	156038	0	0	16	0	163796	16	156038	7758	163796	0.9526362060123569	0.0	0.0
atp9	517	C	0	11112	0	153505	0	0	15	0	164617	15	153505	11112	164617	0.9324978586658729	0.0	0.0
atp9	529	C	0	3681	0	171369	0	0	14	0	175050	14	171369	3681	175050	0.9789717223650386	0.0	0.0
atp9	534	C	0	15330	0	161373	0	0	14	0	176703	14	161373	15330	176703	0.9132442573131186	0.0	0.0
atp9	538	C	0	5989	0	174386	0	0	15	0	180375	15	174386	5989	180375	0.9667969507969508	0.0	0.0
atp9	541	C	0	10586	0	170997	0	0	14	0	181583	14	170997	10586	181583	0.9417015910079688	0.0	0.0
atp9	547	T	0	171921	0	14806	13	0	0	0	186727	13	171921	14806	186727	0.9207077712382248	0.0	0.0
atp9	555	T	0	162752	0	22224	14	0	0	0	184976	14	162752	22224	184976	0.879854683850878	0.0	0.0
atp9	562	T	0	172635	0	15621	16	0	0	0	188256	16	172635	15621	188256	0.9170225650178481	0.0	0.0
atp9	572	C	0	5660	0	180292	0	0	13	0	185952	13	180292	5660	185952	0.9695620375150577	0.0	0.0
atp9	576	T	0	159932	0	25942	13	0	0	0	185874	13	159932	25942	185874	0.8604323358834479	0.0	0.0
atp9	580	C	0	4659	0	180300	0	0	14	0	184959	14	180300	4659	184959	0.9748106337080109	0.0	0.0
atp9	592	T	0	149095	0	5108	14	0	0	0	154203	14	149095	5108	154203	0.9668748338229477	0.0	0.0
atp9	595	C	0	6568	0	147883	0	0	14	0	154451	14	147883	6568	154451	0.9574751863050417	0.0	0.0
atp9	598	C	0	7259	0	147475	0	0	14	0	154734	14	147475	7259	154734	0.9530872335750384	0.0	0.0
atp9	610	C	0	1334	0	151137	0	0	13	0	152471	13	151137	1334	152471	0.9912507952331919	0.0	0.0
atp9	628	C	0	4986	0	130516	0	0	12	0	135502	12	130516	4986	135502	0.963203495151363	0.0	0.0
atp9	631	C	0	3955	0	126149	0	0	13	0	130104	13	126149	3955	130104	0.9696012420832565	0.0	0.0
atp9	643	C	0	7428	0	115503	0	0	17	0	122931	17	115503	7428	122931	0.9395758596285722	0.0	0.0
atp9	652	C	0	2806	0	81965	0	0	18	0	84771	18	81965	2806	84771	0.9668990574606882	0.0	0.0
atp9	655	C	0	4724	0	79817	0	0	15	0	84541	15	79817	4724	84541	0.944121787061899	0.0	0.0
atp9	658	C	0	5702	0	78388	0	0	14	0	84090	14	78388	5702	84090	0.9321916993697229	0.0	0.0
atp9	667	C	0	4121	0	78867	0	0	14	0	82988	14	78867	4121	82988	0.950342218152022	0.0	0.0
atp9	669	C	0	4728	0	78213	0	0	14	0	82941	14	78213	4728	82941	0.9429956233949434	0.0	0.0
atp9	723	T	0	87	0	498	13	0	0	0	585	13	87	498	585	0.14871794871794872	2.3056202307070254e-19	1.259232627832044e-17
cob	14	C	0	516	0	455	0	0	3	0	971	3	455	516	971	0.4685890834191555	2.7536579875e-314	1.630964776246e-312
cob	108	C	0	448	0	10865	0	0	23	0	11313	23	10865	448	11313	0.9603995403518076	0.0	0.0
cob	112	C	0	1481	0	10525	0	0	23	0	12006	23	10525	1481	12006	0.8766450108279193	0.0	0.0
cob	116	T	0	11644	0	1400	25	0	0	0	13044	25	11644	1400	13044	0.8926709598282735	0.0	0.0
cob	120	C	0	109	0	13136	0	0	25	0	13245	25	13136	109	13245	0.9917704794261986	0.0	0.0
cob	121	C	0	12069	0	1895	0	0	27	0	13964	27	1895	12069	13964	0.13570610140360928	0.0	0.0
cob	158	T	0	16145	0	1117	32	0	0	0	17262	32	16145	1117	17262	0.935291391495771	0.0	0.0
cob	165	C	0	227	0	17398	0	0	31	0	17625	31	17398	227	17625	0.9871205673758865	0.0	0.0
cob	173	C	0	250	0	19054	0	0	32	0	19304	32	19054	250	19304	0.9870493162038956	0.0	0.0
cob	177	T	0	19646	0	496	31	0	0	0	20142	31	19646	496	20142	0.9753748386456161	0.0	0.0
cob	180	T	0	19825	0	557	28	0	0	0	20382	28	19825	557	20382	0.9726719654597193	0.0	0.0
cob	183	T	0	19880	0	412	31	0	0	0	20292	31	19880	412	20292	0.9796964320914646	0.0	0.0
cob	197	C	0	330	0	20387	0	0	36	0	20717	36	20387	330	20717	0.9840710527586041	0.0	0.0
cob	200	C	0	380	0	20607	0	0	38	0	20987	38	20607	380	20987	0.9818935531519513	0.0	0.0
cob	203	C	0	419	0	19960	0	0	38	0	20379	38	19960	419	20379	0.9794396192158594	0.0	0.0
cob	215	C	0	659	0	20793	0	0	45	0	21452	45	20793	659	21452	0.969280253589409	0.0	0.0
cob	216	T	0	20572	0	1165	44	0	0	0	21737	44	20572	1165	21737	0.9464047476652712	0.0	0.0
cob	223	C	0	20592	0	1676	0	0	41	0	22268	41	1676	20592	22268	0.07526495419435962	6.549729825890117e-59	3.6477386578304875e-57
cob	230	C	0	490	0	20160	0	0	41	0	20650	41	20160	490	20650	0.976271186440678	0.0	0.0
cob	234	C	0	539	0	20609	0	0	45	0	21148	45	20609	539	21148	0.9745129563079251	0.0	0.0
cob	238	C	0	19216	0	2073	0	0	41	0	21289	41	2073	19216	21289	0.09737423082342994	1.1903526161795807e-175	6.822163540232726e-174
cob	242	T	0	19532	0	2344	42	0	0	0	21876	42	19532	2344	21876	0.8928506125434266	0.0	0.0
cob	253	C	0	319	0	21966	0	0	43	0	22285	43	21966	319	22285	0.9856854386358537	0.0	0.0
cob	256	C	0	2744	0	19049	0	0	45	0	21793	45	19049	2744	21793	0.8740880099114394	0.0	0.0
cob	264	C	0	251	0	22589	0	0	44	0	22840	44	22589	251	22840	0.9890105078809107	0.0	0.0
cob	275	C	0	456	0	22318	0	0	51	0	22774	51	22318	456	22774	0.9799771669447616	0.0	0.0
cob	350	T	0	19691	0	338	65	0	0	0	20029	65	19691	338	20029	0.9831244695191972	0.0	0.0
cob	359	T	0	19594	0	547	66	0	0	0	20141	66	19594	547	20141	0.972841467653046	0.0	0.0
cob	383	C	0	360	0	21047	0	0	70	0	21407	70	21047	360	21407	0.9831830709580979	0.0	0.0
cob	390	C	0	571	0	19025	0	0	67	0	19596	67	19025	571	19596	0.9708614002857726	0.0	0.0
cob	395	C	0	274	0	20070	0	0	67	0	20344	67	20070	274	20344	0.9865316555249705	0.0	0.0
cob	401	T	0	20699	0	702	68	0	0	0	21401	68	20699	702	21401	0.9671977944955843	0.0	0.0
cob	417	C	0	674	0	19461	0	0	75	0	20135	75	19461	674	20135	0.9665259498385895	0.0	0.0
cob	422	C	0	554	0	22143	0	0	71	0	22697	71	22143	554	22697	0.9755914878618319	0.0	0.0
cob	455	C	0	372	0	25898	0	0	68	0	26270	68	25898	372	26270	0.9858393604872479	0.0	0.0
cob	477	C	0	423	0	28631	0	0	88	0	29054	88	28631	423	29054	0.9854409031458663	0.0	0.0
cob	513	C	0	258	0	32107	0	0	79	0	32365	79	32107	258	32365	0.9920284257685772	0.0	0.0
cob	605	C	0	303	0	32745	0	0	55	0	33048	55	32745	303	33048	0.990831517792302	0.0	0.0
cob	699	C	0	232	0	21206	0	0	19	0	21438	19	21206	232	21438	0.9891780949715459	0.0	0.0
cob	704	T	0	21694	0	357	19	0	0	0	22051	19	21694	357	22051	0.9838102580381842	0.0	0.0
cob	1068	C	0	501	0	33568	0	0	26	0	34069	26	33568	501	34069	0.9852945492970149	0.0	0.0
cob	1143	T	0	33255	0	792	29	0	0	0	34047	29	33255	792	34047	0.9767380385937087	0.0	0.0
cob	1203	C	0	369	0	22403	0	0	27	0	22772	27	22403	369	22772	0.9837958896890918	0.0	0.0
cob	1273	T	0	402	0	6251	32	0	0	0	6653	32	402	6251	6653	0.06042386893130918	8.343292548081893e-5	0.0044204219341967355
cob	1280	T	0	39	0	185	31	0	0	0	224	31	39	185	224	0.17410714285714285	1.2072065408813576e-11	6.541957437307274e-10
cob	1281	T	0	29	0	187	32	0	0	0	216	32	29	187	216	0.13425925925925927	1.483791356931656e-6	7.946003125177828e-5
cox1	24	C	0	55	0	4098	0	0	3	0	4153	3	4098	55	4153	0.9867565615217915	0.0	0.0
cox1	27	C	0	89	0	4457	0	0	3	0	4546	3	4457	89	4546	0.9804223493180818	0.0	0.0
cox1	59	T	0	9068	0	498	5	0	0	0	9566	5	9068	498	9566	0.9479406230399331	0.0	0.0
cox1	77	T	0	10696	0	1307	5	0	0	0	12003	5	10696	1307	12003	0.8911105556944098	0.0	0.0
cox1	94	C	0	10796	0	2658	0	0	5	0	13454	5	2658	10796	13454	0.19756206332689163	0.0	0.0
cox1	120	C	0	198	0	15872	0	0	4	0	16070	4	15872	198	16070	0.987678904791537	0.0	0.0
cox1	122	C	0	170	0	16048	0	0	5	0	16218	5	16048	170	16218	0.989517819706499	0.0	0.0
cox1	126	C	0	279	0	16281	0	0	5	0	16560	5	16281	279	16560	0.9831521739130434	0.0	0.0
cox1	161	C	0	228	0	19679	0	0	4	0	19907	4	19679	228	19907	0.9885467423519365	0.0	0.0
cox1	168	T	0	19524	0	466	4	0	0	0	19990	4	19524	466	19990	0.976688344172086	0.0	0.0
cox1	179	T	0	19428	0	919	2	0	0	0	20347	2	19428	919	20347	0.9548336364083158	0.0	0.0
cox1	189	C	0	189	0	21464	0	0	2	0	21653	2	21464	189	21653	0.9912714173555628	0.0	0.0
cox1	194	T	0	20629	0	1396	2	0	0	0	22025	2	20629	1396	22025	0.9366174801362088	0.0	0.0
cox1	206	T	0	18794	0	1593	1	0	0	0	20387	1	18794	1593	20387	0.9218619708637857	0.0	0.0
cox1	213	C	0	114	0	20625	0	0	1	0	20739	1	20625	114	20739	0.9945031100824534	0.0	0.0
cox1	227	T	0	17681	0	1880	1	0	0	0	19561	1	17681	1880	19561	0.9038903941516282	0.0	0.0
cox1	231	C	0	300	0	19482	0	0	1	0	19782	1	19482	300	19782	0.9848346982104944	0.0	0.0
cox1	249	T	0	19534	0	212	3	0	0	0	19746	3	19534	212	19746	0.9892636483338397	0.0	0.0
cox1	250	C	0	745	0	19026	0	0	3	0	19771	3	19026	745	19771	0.9623185473673562	0.0	0.0
cox1	254	T	0	18807	0	515	2	0	0	0	19322	2	18807	515	19322	0.9733464444674464	0.0	0.0
cox1	261	C	0	370	0	19254	0	0	2	0	19624	2	19254	370	19624	0.9811455360782715	0.0	0.0
cox1	267	C	0	424	0	19318	0	0	2	0	19742	2	19318	424	19742	0.9785229460034445	0.0	0.0
cox1	270	C	0	413	0	19547	0	0	2	0	19960	2	19547	413	19960	0.9793086172344689	0.0	0.0
cox1	273	C	0	424	0	20000	0	0	2	0	20424	2	20000	424	20424	0.9792401096748923	0.0	0.0
cox1	275	C	0	540	0	20373	0	0	2	0	20913	2	20373	540	20913	0.974178740496342	0.0	0.0
cox1	278	C	0	18716	0	2045	0	0	3	0	20761	3	2045	18716	20761	0.0985019989403208	1.0139441997252284e-178	5.820708241059993e-177
cox1	279	C	0	460	0	20117	0	0	3	0	20577	3	20117	460	20577	0.9776449433833893	0.0	0.0
cox1	285	C	0	490	0	19469	0	0	3	0	19959	3	19469	490	19959	0.9754496718272458	0.0	0.0
cox1	288	T	0	19863	0	624	3	0	0	0	20487	3	19863	624	20487	0.9695416605652365	0.0	0.0
cox1	307	C	0	18412	0	1411	0	0	3	0	19823	3	1411	18412	19823	0.07117994249104576	2.5398423517459704e-38	1.402551421302426e-36
cox1	314	C	0	286	0	19275	0	0	3	0	19561	3	19275	286	19561	0.9853790705996626	0.0	0.0
cox1	324	T	0	18971	0	425	4	0	0	0	19396	4	18971	425	19396	0.9780882656217776	0.0	0.0
cox1	333	C	0	279	0	19716	0	0	4	0	19995	4	19716	279	19995	0.986046511627907	0.0	0.0
cox1	348	C	0	330	0	18937	0	0	4	0	19267	4	18937	330	19267	0.9828722686458712	0.0	0.0
cox1	359	T	0	18316	0	532	4	0	0	0	18848	4	18316	532	18848	0.9717741935483871	0.0	0.0
cox1	375	T	0	19824	0	344	4	0	0	0	20168	4	19824	344	20168	0.9829432764775883	0.0	0.0
cox1	380	C	0	183	0	20437	0	0	4	0	20620	4	20437	183	20620	0.9911251212415131	0.0	0.0
cox1	387	C	0	286	0	20266	0	0	4	0	20552	4	20266	286	20552	0.9860840794083301	0.0	0.0
cox1	396	T	0	19129	0	340	4	0	0	0	19469	4	19129	340	19469	0.9825363398222816	0.0	0.0
cox1	408	C	0	230	0	19813	0	0	4	0	20043	4	19813	230	20043	0.9885246719552961	0.0	0.0
cox1	411	C	0	291	0	20366	0	0	4	0	20657	4	20366	291	20657	0.9859127656484484	0.0	0.0
cox1	423	C	0	998	0	20293	0	0	3	0	21291	3	20293	998	21291	0.9531257338781645	0.0	0.0
cox1	457	T	0	119	0	975	6	0	0	0	1094	6	119	975	1094	0.10877513711151737	5.026876208841955e-15	2.7340344940125326e-13
cox1	1373	C	0	623	0	782	0	0	26	0	1405	26	782	623	1405	0.5565836298932384	0.0	0.0
cox1	1387	C	0	876	0	469	0	0	29	0	1345	29	469	876	1345	0.3486988847583643	2.6533022175232177e-254	1.5565245125593813e-252
cox1	1506	C	0	126	0	23189	0	0	26	0	23315	26	23189	126	23315	0.9945957538065623	0.0	0.0
cox1	1509	C	0	132	0	23457	0	0	26	0	23589	26	23457	132	23589	0.9944041714358387	0.0	0.0
cox1	1533	T	0	25102	0	415	24	0	0	0	25517	24	25102	415	25517	0.9837363326409845	0.0	0.0
cox1	1564	C	0	21398	0	3789	0	0	16	0	25187	16	3789	21398	25187	0.15043474808432922	0.0	0.0
cox1	1578	C	0	100	0	24222	0	0	12	0	24322	12	24222	100	24322	0.9958884960118412	0.0	0.0
cox1	1588	C	0	4029	0	21023	0	0	11	0	25052	11	21023	4029	25052	0.8391745170046304	0.0	0.0
cox1	1647	C	0	143	0	25896	0	0	3	0	26039	3	25896	143	26039	0.9945082376435347	0.0	0.0
cox1	1671	C	0	223	0	25576	0	0	3	0	25799	3	25576	223	25799	0.9913562541183767	0.0	0.0
cox1	1692	C	0	151	0	25843	0	0	3	0	25994	3	25843	151	25994	0.9941909671462645	0.0	0.0
cox1	1925	C	0	236	0	32140	0	0	7	0	32376	7	32140	236	32376	0.9927106498640969	0.0	0.0
cox1	1938	C	0	269	0	29291	0	0	8	0	29560	8	29291	269	29560	0.9908998646820028	0.0	0.0
cox1	2002	C	0	31289	0	3347	0	0	11	0	34636	11	3347	31289	34636	0.09663356045732764	2.2411233709789008e-276	1.3206574720805164e-274
cox1	2145	T	0	34073	0	188	8	0	0	0	34261	8	34073	188	34261	0.9945127112460231	0.0	0.0
cox1	2163	C	0	163	0	32184	0	0	11	0	32347	11	32184	163	32347	0.9949608928184994	0.0	0.0
cox1	2165	T	0	32225	0	241	11	0	0	0	32466	11	32225	241	32466	0.9925768496273024	0.0	0.0
cox1	2189	T	0	30565	0	110	11	0	0	0	30675	11	30565	110	30675	0.9964140179299104	0.0	0.0
cox1	2246	C	0	65	0	29947	0	0	11	0	30012	11	29947	65	30012	0.997834199653472	0.0	0.0
cox1	2249	C	0	129	0	30012	0	0	11	0	30141	11	30012	129	30141	0.9957201154573505	0.0	0.0
cox1	2300	T	0	32255	0	148	11	0	0	0	32403	11	32255	148	32403	0.9954325216800913	0.0	0.0
cox1	2339	C	0	171	0	37861	0	0	7	0	38032	7	37861	171	38032	0.9955037862852335	0.0	0.0
cox1	2411	C	0	187	0	38553	0	0	3	0	38740	3	38553	187	38740	0.9951729478575116	0.0	0.0
cox1	2421	C	0	261	0	39651	0	0	5	0	39912	5	39651	261	39912	0.9934606133493686	0.0	0.0
cox1	2435	C	0	300	0	37956	0	0	5	0	38256	5	37956	300	38256	0.9921580928481807	0.0	0.0
cox1	2444	C	0	356	0	39997	0	0	5	0	40353	5	39997	356	40353	0.9911778554258667	0.0	0.0
cox1	2445	T	0	40021	0	437	5	0	0	0	40458	5	40021	437	40458	0.9891986751693114	0.0	0.0
cox1	2451	C	0	985	0	38703	0	0	5	0	39688	5	38703	985	39688	0.9751814150372908	0.0	0.0
cox1	2460	C	0	571	0	36003	0	0	6	0	36574	6	36003	571	36574	0.9843878164816536	0.0	0.0
cox1	2462	C	0	660	0	36573	0	0	7	0	37233	7	36573	660	37233	0.9822737893803883	0.0	0.0
cox1	2466	C	0	756	0	38268	0	0	7	0	39024	7	38268	756	39024	0.9806273062730627	0.0	0.0
cox1	2482	C	0	32082	0	4473	0	0	7	0	36555	7	4473	32082	36555	0.12236356175625769	0.0	0.0
cox1	2490	C	0	383	0	37857	0	0	7	0	38240	7	37857	383	38240	0.989984309623431	0.0	0.0
cox1	2522	C	0	609	0	41973	0	0	9	0	42582	9	41973	609	42582	0.9856981823305622	0.0	0.0
cox1	2534	T	0	42058	0	203	9	0	0	0	42261	9	42058	203	42261	0.9951965168831783	0.0	0.0
cox1	2549	T	0	38079	0	387	9	0	0	0	38466	9	38079	387	38466	0.9899391670566214	0.0	0.0
cox1	2564	T	0	39056	0	1108	9	0	0	0	40164	9	39056	1108	40164	0.9724131062643163	0.0	0.0
cox1	2627	C	0	188	0	41418	0	0	5	0	41606	5	41418	188	41606	0.9954814209489016	0.0	0.0
cox1	2631	C	0	5757	0	36011	0	0	5	0	41768	5	36011	5757	41768	0.8621672093468684	0.0	0.0
cox1	2761	T	0	23	0	194	2	0	0	0	217	2	23	194	217	0.10599078341013825	0.0006129422767272918	0.03226207006169644
cox1	3032	C	0	45	0	21	0	0	2	0	66	2	21	45	66	0.3181818181818182	4.728459688876445e-12	2.5637232397187905e-10
cox2	42	C	0	14985	0	1176	0	0	3	0	16161	3	1176	14985	16161	0.0727677742713941	6.007725250176621e-36	3.3140820176264695e-34
cox2	59	C	0	616	0	19854	0	0	3	0	20470	3	19854	616	20470	0.9699071812408403	0.0	0.0
cox2	86	C	0	8984	0	17223	0	0	3	0	26207	3	17223	8984	26207	0.657190826878315	0.0	0.0
cox2	136	T	0	33825	0	2379	8	0	0	0	36204	8	33825	2379	36204	0.9342890288365926	0.0	0.0
cox2	157	C	0	3388	0	35249	0	0	9	0	38637	9	35249	3388	38637	0.9123120325076999	0.0	0.0
cox2	158	C	0	2022	0	37221	0	0	9	0	39243	9	37221	2022	39243	0.9484748872410366	0.0	0.0
cox2	160	C	0	2244	0	37606	0	0	9	0	39850	9	37606	2244	39850	0.9436888331242158	0.0	0.0
cox2	165	C	0	4371	0	35391	0	0	9	0	39762	9	35391	4371	39762	0.8900709219858156	0.0	0.0
cox2	168	C	0	30580	0	8796	0	0	9	0	39376	9	8796	30580	39376	0.22338480292563997	0.0	0.0
cox2	181	T	0	33936	0	8633	10	0	0	0	42569	10	33936	8633	42569	0.7971998402593437	0.0	0.0
cox2	193	T	0	35384	0	6680	10	0	0	0	42064	10	35384	6680	42064	0.8411943704830734	0.0	0.0
cox2	206	T	0	38955	0	1145	11	0	0	0	40100	11	38955	1145	40100	0.9714463840399002	0.0	0.0
cox2	217	T	0	38964	0	1873	11	0	0	0	40837	11	38964	1873	40837	0.9541347307588707	0.0	0.0
cox2	233	C	0	1944	0	40288	0	0	11	0	42232	11	40288	1944	42232	0.953968554650502	0.0	0.0
cox2	248	C	0	819	0	44390	0	0	14	0	45209	14	44390	819	45209	0.9818841381140924	0.0	0.0
cox2	253	C	0	1367	0	39375	0	0	15	0	40742	15	39375	1367	40742	0.9664474007167051	0.0	0.0
cox2	269	C	0	1088	0	41655	0	0	14	0	42743	14	41655	1088	42743	0.9745455396205227	0.0	0.0
cox2	278	C	0	2441	0	39568	0	0	17	0	42009	17	39568	2441	42009	0.941893403794425	0.0	0.0
cox2	283	C	0	1446	0	40475	0	0	16	0	41921	16	40475	1446	41921	0.9655065480308199	0.0	0.0
cox2	290	C	0	1744	0	41454	0	0	16	0	43198	16	41454	1744	43198	0.9596277605444696	0.0	0.0
cox2	294	C	0	6419	0	37113	0	0	15	0	43532	15	37113	6419	43532	0.8525452540659745	0.0	0.0
cox2	319	T	0	35471	0	3781	14	0	0	0	39252	14	35471	3781	39252	0.903673698155508	0.0	0.0
cox2	362	C	0	1245	0	29819	0	0	15	0	31064	15	29819	1245	31064	0.9599214524851919	0.0	0.0
cox2	383	C	0	1084	0	27326	0	0	21	0	28410	21	27326	1084	28410	0.9618444209785287	0.0	0.0
cox2	386	T	0	26756	0	2033	25	0	0	0	28789	25	26756	2033	28789	0.9293827503560388	0.0	0.0
cox2	398	C	0	3379	0	24973	0	0	30	0	28352	30	24973	3379	28352	0.8808196952595937	0.0	0.0
cox2	415	T	0	25188	0	2295	26	0	0	0	27483	26	25188	2295	27483	0.9164938325510316	0.0	0.0
cox2	418	C	0	711	0	26339	0	0	29	0	27050	29	26339	711	27050	0.9737153419593345	0.0	0.0
cox2	421	C	0	2117	0	24825	0	0	33	0	26942	33	24825	2117	26942	0.9214237992725113	0.0	0.0
cox2	431	C	0	2418	0	24397	0	0	34	0	26815	34	24397	2418	26815	0.9098265895953758	0.0	0.0
cox2	487	T	0	24914	0	2784	35	0	0	0	27698	35	24914	2784	27698	0.8994873276048813	0.0	0.0
cox2	490	C	0	623	0	27032	0	0	35	0	27655	35	27032	623	27655	0.9774724281323449	0.0	0.0
cox2	496	C	0	2221	0	25172	0	0	36	0	27393	36	25172	2221	27393	0.9189208921987368	0.0	0.0
cox2	1472	C	0	633	0	28477	0	0	42	0	29110	42	28477	633	29110	0.9782548952250086	0.0	0.0
cox2	1479	T	0	29524	0	1499	37	0	0	0	31023	37	29524	1499	31023	0.9516810108629081	0.0	0.0
cox2	1492	C	0	1698	0	31401	0	0	33	0	33099	33	31401	1698	33099	0.9486993564760264	0.0	0.0
cox2	1504	C	0	1109	0	33442	0	0	37	0	34551	37	33442	1109	34551	0.967902520911117	0.0	0.0
cox2	1533	T	0	38215	0	1331	37	0	0	0	39546	37	38215	1331	39546	0.9663429929702119	0.0	0.0
cox2	1537	C	0	578	0	40582	0	0	37	0	41160	37	40582	578	41160	0.9859572400388726	0.0	0.0
cox2	1546	C	0	1743	0	39274	0	0	36	0	41017	36	39274	1743	41017	0.9575054245800522	0.0	0.0
cox2	1573	T	0	42003	0	1140	32	0	0	0	43143	32	42003	1140	43143	0.97357624643627	0.0	0.0
cox2	1590	T	0	44242	0	1592	30	0	0	0	45834	30	44242	1592	45834	0.9652659597678579	0.0	0.0
cox2	1605	C	0	1250	0	48032	0	0	30	0	49282	30	48032	1250	49282	0.9746357696522057	0.0	0.0
cox2	1606	T	0	48377	0	1004	30	0	0	0	49381	30	48377	1004	49381	0.9796682934731982	0.0	0.0
cox2	1618	C	0	800	0	49430	0	0	38	0	50230	38	49430	800	50230	0.9840732629902449	0.0	0.0
cox2	1620	T	0	49919	0	893	37	0	0	0	50812	37	49919	893	50812	0.9824254113201606	0.0	0.0
cox2	1626	C	0	1233	0	50582	0	0	40	0	51815	40	50582	1233	51815	0.9762038019878414	0.0	0.0
cox2	1639	T	0	45318	0	1545	41	0	0	0	46863	41	45318	1545	46863	0.9670315600793803	0.0	0.0
cox2	1642	C	0	1820	0	45340	0	0	41	0	47160	41	45340	1820	47160	0.9614079728583546	0.0	0.0
cox2	1648	C	0	541	0	45869	0	0	41	0	46410	41	45869	541	46410	0.9883430295195001	0.0	0.0
cox2	1653	C	0	1105	0	45721	0	0	41	0	46826	41	45721	1105	46826	0.9764019988895059	0.0	0.0
cox2	1671	T	0	39398	0	1710	38	0	0	0	41108	38	39398	1710	41108	0.9584022574681327	0.0	0.0
cox2	1675	C	0	527	0	41038	0	0	38	0	41565	38	41038	527	41565	0.9873210633946831	0.0	0.0
cox2	1680	T	0	38310	0	3418	32	0	0	0	41728	32	38310	3418	41728	0.9180885736196319	0.0	0.0
cox2	1696	C	0	1550	0	35595	0	0	34	0	37145	34	35595	1550	37145	0.9582716381747207	0.0	0.0
cox2	1698	T	0	36129	0	1541	34	0	0	0	37670	34	36129	1541	37670	0.9590921157419697	0.0	0.0
cox2	1701	T	0	37586	0	963	33	0	0	0	38549	33	37586	963	38549	0.9750188072323537	0.0	0.0
cox2	1716	C	0	671	0	39626	0	0	39	0	40297	39	39626	671	40297	0.9833486363749162	0.0	0.0
cox2	1722	T	0	38290	0	1565	34	0	0	0	39855	34	38290	1565	39855	0.9607326558775562	0.0	0.0
cox2	1725	C	0	1261	0	38535	0	0	37	0	39796	37	38535	1261	39796	0.9683133983314905	0.0	0.0
cox2	1737	C	0	2136	0	39038	0	0	41	0	41174	41	39038	2136	41174	0.9481226016418128	0.0	0.0
cox2	1749	T	0	31634	0	939	46	0	0	0	32573	46	31634	939	32573	0.9711724434347466	0.0	0.0
cox2	1759	C	0	1237	0	31160	0	0	42	0	32397	42	31160	1237	32397	0.9618174522332315	0.0	0.0
cox2	1765	C	0	756	0	30872	0	0	41	0	31628	41	30872	756	31628	0.9760971291260908	0.0	0.0
cox2	1769	C	0	28648	0	3752	0	0	40	0	32400	40	3752	28648	32400	0.11580246913580247	0.0	0.0
cox2	1803	C	0	334	0	35055	0	0	40	0	35389	40	35055	334	35389	0.9905620390516827	0.0	0.0
cox2	2191	T	0	47	0	176	34	0	0	0	223	34	47	176	223	0.21076233183856502	5.152664803607212e-17	2.806832214186035e-15
cox3	24	C	0	75	0	4598	0	0	1	0	4673	1	4598	75	4673	0.983950353092232	0.0	0.0
cox3	27	C	0	110	0	5077	0	0	2	0	5187	2	5077	110	5187	0.9787931366878735	0.0	0.0
cox3	59	T	0	12795	0	499	6	0	0	0	13294	6	12795	499	13294	0.9624642695953062	0.0	0.0
cox3	77	T	0	15095	0	1541	6	0	0	0	16636	6	15095	1541	16636	0.9073695599903823	0.0	0.0
cox3	86	T	0	15582	0	2270	7	0	0	0	17852	7	15582	2270	17852	0.8728433788931212	0.0	0.0
cox3	106	C	0	20383	0	1787	0	0	8	0	22170	8	1787	20383	22170	0.08060442038791159	4.5407917816699135e-83	2.549284929333007e-81
cox3	228	C	0	1288	0	38157	0	0	13	0	39445	13	38157	1288	39445	0.9673469387755103	0.0	0.0
cox3	275	C	0	375	0	34361	0	0	15	0	34736	15	34361	375	34736	0.9892042837402119	0.0	0.0
cox3	293	T	0	32819	0	2408	12	0	0	0	35227	12	32819	2408	35227	0.9316433417549039	0.0	0.0
cox3	322	C	0	7543	0	26074	0	0	12	0	33617	12	26074	7543	33617	0.7756194782401761	0.0	0.0
cox3	332	T	0	31402	0	1146	10	0	0	0	32548	10	31402	1146	32548	0.9647904633157183	0.0	0.0
cox3	363	C	0	722	0	30314	0	0	11	0	31036	11	30314	722	31036	0.9767366928727929	0.0	0.0
cox3	364	C	0	27411	0	3573	0	0	10	0	30984	10	3573	27411	30984	0.11531758326878389	0.0	0.0
cox3	386	C	0	233	0	27844	0	0	10	0	28077	10	27844	233	28077	0.9917013925989244	0.0	0.0
cox3	389	C	0	325	0	28114	0	0	10	0	28439	10	28114	325	28439	0.9885720313653785	0.0	0.0
cox3	452	C	0	290	0	32276	0	0	11	0	32566	11	32276	290	32566	0.9910950070625806	0.0	0.0
cox3	519	C	0	313	0	31248	0	0	6	0	31561	6	31248	313	31561	0.9900826969994614	0.0	0.0
cox3	551	T	0	34976	0	471	5	0	0	0	35447	5	34976	471	35447	0.9867125567749033	0.0	0.0
cox3	575	T	0	35130	0	782	7	0	0	0	35912	7	35130	782	35912	0.9782245488973045	0.0	0.0
cox3	578	T	0	34578	0	1500	6	0	0	0	36078	6	34578	1500	36078	0.958423415932147	0.0	0.0
cox3	587	C	0	3201	0	32011	0	0	8	0	35212	8	32011	3201	35212	0.9090934908553903	0.0	0.0
cox3	603	T	0	36483	0	531	6	0	0	0	37014	6	36483	531	37014	0.9856540768357919	0.0	0.0
cox3	608	C	0	293	0	37310	0	0	7	0	37603	7	37310	293	37603	0.9922080685051725	0.0	0.0
cox3	618	C	0	918	0	37400	0	0	7	0	38318	7	37400	918	38318	0.9760425909494232	0.0	0.0
cox3	623	C	0	1327	0	37781	0	0	8	0	39108	8	37781	1327	39108	0.9660683236166513	0.0	0.0
cox3	624	C	0	1039	0	38326	0	0	8	0	39365	8	38326	1039	39365	0.9736059951733773	0.0	0.0
cox3	625	C	0	27168	0	12150	0	0	8	0	39318	8	12150	27168	39318	0.30901877002899436	0.0	0.0
cox3	635	T	0	37411	0	1774	8	0	0	0	39185	8	37411	1774	39185	0.9547275743269108	0.0	0.0
cox3	660	T	0	38270	0	1839	5	0	0	0	40109	5	38270	1839	40109	0.9541499414096587	0.0	0.0
cox3	690	T	0	38978	0	459	5	0	0	0	39437	5	38978	459	39437	0.9883611836600147	0.0	0.0
cox3	695	C	0	8041	0	31746	0	0	5	0	39787	5	31746	8041	39787	0.7978988111694775	0.0	0.0
cox3	702	C	0	406	0	39509	0	0	5	0	39915	5	39509	406	39915	0.9898283853188025	0.0	0.0
cox3	706	C	0	32567	0	5906	0	0	5	0	38473	5	5906	32567	38473	0.1535102539443246	0.0	0.0
cox3	716	T	0	34551	0	832	5	0	0	0	35383	5	34551	832	35383	0.9764858830511828	0.0	0.0
cox3	723	C	0	549	0	34544	0	0	5	0	35093	5	34544	549	35093	0.9843558544439062	0.0	0.0
cox3	725	T	0	33293	0	1210	5	0	0	0	34503	5	33293	1210	34503	0.964930585746167	0.0	0.0
cox3	730	C	0	27777	0	6811	0	0	6	0	34588	6	6811	27777	34588	0.19691800624494044	0.0	0.0
cox3	732	C	0	1222	0	33365	0	0	4	0	34587	4	33365	1222	34587	0.9646688061988609	0.0	0.0
cox3	735	C	0	926	0	34080	0	0	5	0	35006	5	34080	926	35006	0.9735473918756784	0.0	0.0
cox3	746	C	0	746	0	33673	0	0	4	0	34419	4	33673	746	34419	0.9783259246346495	0.0	0.0
cox3	750	C	0	580	0	34873	0	0	5	0	35453	5	34873	580	35453	0.9836403125264435	0.0	0.0
cox3	758	C	0	732	0	33737	0	0	5	0	34469	5	33737	732	34469	0.9787635266471322	0.0	0.0
cox3	770	T	0	31331	0	1094	5	0	0	0	32425	5	31331	1094	32425	0.966260601387818	0.0	0.0
cox3	805	C	0	446	0	29500	0	0	5	0	29946	5	29500	446	29946	0.9851065250784746	0.0	0.0
cox3	824	C	0	366	0	27474	0	0	4	0	27840	4	27474	366	27840	0.9868534482758621	0.0	0.0
cox3	830	C	0	605	0	26656	0	0	5	0	27261	5	26656	605	27261	0.9778071237298706	0.0	0.0
cox3	837	C	0	226	0	24593	0	0	4	0	24819	4	24593	226	24819	0.9908940730891656	0.0	0.0
cox3	851	C	0	311	0	18987	0	0	5	0	19298	5	18987	311	19298	0.9838843403461499	0.0	0.0
cox3	855	C	0	504	0	18588	0	0	4	0	19092	4	18588	504	19092	0.9736015084852294	0.0	0.0
cox3	860	C	0	17739	0	1049	0	0	4	0	18788	4	1049	17739	18788	0.05583351075154354	0.00016338611293418315	0.00863895803611511
cox3	861	C	0	245	0	18471	0	0	5	0	18716	5	18471	245	18716	0.9869095960675358	0.0	0.0
cox3	864	C	0	235	0	18224	0	0	4	0	18459	4	18224	235	18459	0.9872690828322228	0.0	0.0
cox3	869	C	0	723	0	16170	0	0	5	0	16893	5	16170	723	16893	0.9572012076007814	0.0	0.0
mttB	157	C	0	195	0	1662	0	0	92	0	1857	92	1662	195	1857	0.8949919224555735	0.0	0.0
mttB	183	C	0	120	0	1979	0	0	91	0	2099	91	1979	120	2099	0.9428299190090519	0.0	0.0
mttB	191	T	0	1856	0	296	91	0	0	0	2152	91	1856	296	2152	0.862453531598513	0.0	0.0
mttB	212	C	0	164	0	2135	0	0	82	0	2299	82	2135	164	2299	0.9286646367986081	0.0	0.0
mttB	225	T	0	2139	0	239	78	0	0	0	2378	78	2139	239	2378	0.8994953742640874	0.0	0.0
mttB	227	C	0	274	0	2124	0	0	73	0	2398	73	2124	274	2398	0.8857381150959133	0.0	0.0
mttB	236	C	0	262	0	2065	0	0	78	0	2327	78	2065	262	2327	0.8874086807047701	0.0	0.0
mttB	239	C	0	376	0	1994	0	0	80	0	2370	80	1994	376	2370	0.8413502109704641	0.0	0.0
mttB	243	C	0	168	0	2213	0	0	75	0	2381	75	2213	168	2381	0.9294414111717766	0.0	0.0
mttB	248	C	0	485	0	1940	0	0	68	0	2425	68	1940	485	2425	0.8	0.0	0.0
mttB	258	C	0	416	0	2046	0	0	64	0	2462	64	2046	416	2462	0.8310316815597075	0.0	0.0
mttB	263	C	0	500	0	2006	0	0	63	0	2506	63	2006	500	2506	0.8004788507581804	0.0	0.0
mttB	264	C	0	342	0	2152	0	0	61	0	2494	61	2152	342	2494	0.8628708901363272	0.0	0.0
mttB	267	C	0	316	0	2171	0	0	61	0	2487	61	2171	316	2487	0.8729392842782469	0.0	0.0
mttB	285	C	0	369	0	2149	0	0	46	0	2518	46	2149	369	2518	0.8534551231135822	0.0	0.0
mttB	286	C	0	585	0	1919	0	0	39	0	2504	39	1919	585	2504	0.7663738019169329	0.0	0.0
mttB	297	C	0	341	0	2047	0	0	32	0	2388	32	2047	341	2388	0.8572026800670016	0.0	0.0
mttB	302	C	0	302	0	2148	0	0	33	0	2450	33	2148	302	2450	0.876734693877551	0.0	0.0
mttB	303	C	0	312	0	2140	0	0	32	0	2452	32	2140	312	2452	0.8727569331158238	0.0	0.0
mttB	306	C	0	363	0	2106	0	0	32	0	2469	32	2106	363	2469	0.8529769137302552	0.0	0.0
mttB	330	C	0	448	0	1774	0	0	30	0	2222	30	1774	448	2222	0.7983798379837984	0.0	0.0
mttB	348	C	0	749	0	1511	0	0	27	0	2260	27	1511	749	2260	0.6685840707964602	0.0	0.0
mttB	362	C	0	281	0	2059	0	0	28	0	2340	28	2059	281	2340	0.8799145299145299	0.0	0.0
mttB	366	C	0	641	0	1741	0	0	34	0	2382	34	1741	641	2382	0.7308984047019311	0.0	0.0
mttB	367	C	0	2077	0	321	0	0	37	0	2398	37	321	2077	2398	0.13386155129274396	4.30897942528106e-56	2.397242653638792e-54
mttB	372	C	0	655	0	1752	0	0	40	0	2407	40	1752	655	2407	0.7278770253427503	0.0	0.0
mttB	373	C	0	424	0	1998	0	0	41	0	2422	41	1998	424	2422	0.8249380677126342	0.0	0.0
mttB	383	C	0	736	0	1709	0	0	41	0	2445	41	1709	736	2445	0.6989775051124745	0.0	0.0
mttB	387	C	0	1087	0	1373	0	0	38	0	2460	38	1373	1087	2460	0.558130081300813	0.0	0.0
mttB	392	C	0	444	0	2078	0	0	40	0	2522	40	2078	444	2522	0.823949246629659	0.0	0.0
mttB	395	T	0	1602	0	1081	40	0	0	0	2683	40	1602	1081	2683	0.5970928065598211	0.0	0.0
mttB	401	C	0	257	0	2460	0	0	41	0	2717	41	2460	257	2717	0.9054103790945897	0.0	0.0
mttB	404	C	0	129	0	2425	0	0	42	0	2554	42	2425	129	2554	0.9494909945184025	0.0	0.0
mttB	408	C	0	1167	0	1278	0	0	46	0	2445	46	1278	1167	2445	0.5226993865030675	0.0	0.0
mttB	417	T	0	2196	0	357	45	0	0	0	2553	45	2196	357	2553	0.8601645123384254	0.0	0.0
mttB	422	C	0	170	0	2465	0	0	48	0	2635	48	2465	170	2635	0.9354838709677419	0.0	0.0
mttB	434	T	0	1298	0	1396	41	0	0	0	2694	41	1298	1396	2694	0.48181143281366	0.0	0.0
mttB	465	C	0	177	0	2871	0	0	46	0	3048	46	2871	177	3048	0.9419291338582677	0.0	0.0
mttB	476	C	0	118	0	2835	0	0	48	0	2953	48	2835	118	2953	0.9600406366407044	0.0	0.0
mttB	479	C	0	419	0	2548	0	0	53	0	2967	53	2548	419	2967	0.8587799123693967	0.0	0.0
mttB	480	C	0	275	0	2705	0	0	52	0	2980	52	2705	275	2980	0.9077181208053692	0.0	0.0
mttB	489	C	0	415	0	2629	0	0	52	0	3044	52	2629	415	3044	0.8636662286465178	0.0	0.0
mttB	496	C	0	1023	0	2062	0	0	52	0	3085	52	2062	1023	3085	0.6683954619124798	0.0	0.0
mttB	504	C	0	651	0	2473	0	0	52	0	3124	52	2473	651	3124	0.7916133162612036	0.0	0.0
mttB	519	T	0	2745	0	678	54	0	0	0	3423	54	2745	678	3423	0.8019281332164768	0.0	0.0
mttB	527	C	0	472	0	3009	0	0	53	0	3481	53	3009	472	3481	0.864406779661017	0.0	0.0
mttB	533	C	0	635	0	2882	0	0	50	0	3517	50	2882	635	3517	0.8194483935172021	0.0	0.0
mttB	539	C	0	1280	0	2263	0	0	48	0	3543	48	2263	1280	3543	0.6387242449901214	0.0	0.0
mttB	542	C	0	1706	0	1840	0	0	49	0	3546	49	1840	1706	3546	0.5188945290468133	0.0	0.0
mttB	545	C	0	40	0	3461	0	0	50	0	3501	50	3461	40	3501	0.9885746929448729	0.0	0.0
mttB	557	C	0	79	0	3451	0	0	45	0	3530	45	3451	79	3530	0.9776203966005665	0.0	0.0
mttB	570	C	0	267	0	3242	0	0	48	0	3509	48	3242	267	3509	0.9239099458535195	0.0	0.0
mttB	577	C	0	1901	0	1402	0	0	47	0	3303	47	1402	1901	3303	0.4244626097487133	0.0	0.0
mttB	582	C	0	101	0	3216	0	0	48	0	3317	48	3216	101	3317	0.969550798914682	0.0	0.0
mttB	587	T	0	2781	0	537	45	0	0	0	3318	45	2781	537	3318	0.8381555153707052	0.0	0.0
mttB	594	C	0	279	0	3099	0	0	45	0	3378	45	3099	279	3378	0.9174067495559503	0.0	0.0
mttB	612	C	0	113	0	3306	0	0	45	0	3419	45	3306	113	3419	0.9669494004094764	0.0	0.0
mttB	630	C	0	220	0	3019	0	0	50	0	3239	50	3019	220	3239	0.9320778017906761	0.0	0.0
mttB	631	C	0	164	0	3086	0	0	53	0	3250	53	3086	164	3250	0.9495384615384616	0.0	0.0
mttB	642	C	0	317	0	2946	0	0	52	0	3263	52	2946	317	3263	0.9028501379098989	0.0	0.0
mttB	644	C	0	297	0	2999	0	0	50	0	3296	50	2999	297	3296	0.9098907766990292	0.0	0.0
mttB	647	C	0	572	0	2699	0	0	50	0	3271	50	2699	572	3271	0.8251299296851116	0.0	0.0
mttB	649	T	0	217	0	3085	52	0	0	0	3302	52	217	3085	3302	0.06571774682010903	4.1335287196884035e-5	0.0021955825146570637
mttB	671	C	0	930	0	2249	0	0	53	0	3179	53	2249	930	3179	0.7074551745832023	0.0	0.0
mttB	678	C	0	59	0	3135	0	0	54	0	3194	54	3135	59	3194	0.9815278647463995	0.0	0.0
mttB	684	C	0	85	0	3139	0	0	53	0	3224	53	3139	85	3224	0.9736352357320099	0.0	0.0
mttB	737	C	0	73	0	3211	0	0	52	0	3284	52	3211	73	3284	0.9777710109622412	0.0	0.0
mttB	740	C	0	322	0	3091	0	0	52	0	3413	52	3091	322	3413	0.9056548491063581	0.0	0.0
mttB	744	C	0	363	0	3070	0	0	51	0	3433	51	3070	363	3433	0.8942615787940577	0.0	0.0
mttB	747	C	0	353	0	3074	0	0	50	0	3427	50	3074	353	3427	0.8969944557922381	0.0	0.0
mttB	748	C	0	3219	0	228	0	0	50	0	3447	50	228	3219	3447	0.06614447345517842	1.8260427741359695e-5	0.000971410127503697
mttB	767	T	0	3384	0	86	41	0	0	0	3470	41	3384	86	3470	0.9752161383285303	0.0	0.0
mttB	785	T	0	2821	0	959	40	0	0	0	3780	40	2821	959	3780	0.7462962962962963	0.0	0.0
mttB	797	C	0	1120	0	2540	0	0	38	0	3660	38	2540	1120	3660	0.6939890710382514	0.0	0.0
mttB	804	C	0	1209	0	2433	0	0	39	0	3642	39	2433	1209	3642	0.6680395387149918	0.0	0.0
mttB	807	C	0	856	0	2773	0	0	39	0	3629	39	2773	856	3629	0.7641223477542023	0.0	0.0
mttB	811	C	0	3125	0	497	0	0	38	0	3622	38	497	3125	3622	0.1372170071783545	1.773164288294157e-89	9.981692071173144e-88
mttB	835	C	0	2994	0	243	0	0	33	0	3237	33	243	2994	3237	0.07506950880444857	5.696194893513026e-10	3.074062202862815e-8
mttB	852	C	0	293	0	2521	0	0	24	0	2814	24	2521	293	2814	0.8958777540867093	0.0	0.0
mttB	1911	G	0	0	6	0	0	40	0	19	6	59	19	40	59	0.3220338983050847	3.824242773249311e-11	2.0670299273103366e-9
nad1	406	C	0	4123	0	8497	0	0	11	0	12620	11	8497	4123	12620	0.6732963549920761	0.0	0.0
nad1	452	C	0	2910	0	9676	0	0	12	0	12586	12	9676	2910	12586	0.7687907198474495	0.0	0.0
nad1	456	T	0	12001	0	517	10	0	0	0	12518	10	12001	517	12518	0.9586994727592267	0.0	0.0
nad1	466	C	0	338	0	11894	0	0	10	0	12232	10	11894	338	12232	0.9723675604970569	0.0	0.0
nad1	481	C	0	449	0	11807	0	0	11	0	12256	11	11807	449	12256	0.9633648825065274	0.0	0.0
nad1	487	C	0	470	0	11846	0	0	10	0	12316	10	11846	470	12316	0.9618382591750568	0.0	0.0
nad1	512	C	0	385	0	10264	0	0	10	0	10649	10	10264	385	10649	0.9638463705512255	0.0	0.0
nad1	516	T	0	9801	0	822	10	0	0	0	10623	10	9801	822	10623	0.9226207286077379	0.0	0.0
nad1	532	T	0	8832	0	744	12	0	0	0	9576	12	8832	744	9576	0.9223057644110275	0.0	0.0
nad1	547	C	0	725	0	6655	0	0	13	0	7380	13	6655	725	7380	0.9017615176151762	0.0	0.0
nad1	550	C	0	772	0	6763	0	0	12	0	7535	12	6763	772	7535	0.8975447909754479	0.0	0.0
nad1	561	T	0	5659	0	1318	11	0	0	0	6977	11	5659	1318	6977	0.8110935932349147	0.0	0.0
nad1	586	C	0	214	0	5393	0	0	11	0	5607	11	5393	214	5607	0.9618334225075799	0.0	0.0
nad1	606	C	0	321	0	4855	0	0	11	0	5176	11	4855	321	5176	0.9379829984544049	0.0	0.0
nad1	607	C	0	355	0	4832	0	0	11	0	5187	11	4832	355	5187	0.9315596684017736	0.0	0.0
nad1	612	C	0	142	0	4879	0	0	10	0	5021	10	4879	142	5021	0.971718781119299	0.0	0.0
nad1	631	C	0	283	0	3454	0	0	11	0	3737	11	3454	283	3737	0.9242708054589243	0.0	0.0
nad1	633	C	0	397	0	3344	0	0	11	0	3741	11	3344	397	3741	0.8938786420743117	0.0	0.0
nad1	634	C	0	308	0	3415	0	0	11	0	3723	11	3415	308	3723	0.9172710179962396	0.0	0.0
nad1	646	T	0	2578	0	415	10	0	0	0	2993	10	2578	415	2993	0.861343133979285	0.0	0.0
nad1	653	C	0	56	0	2852	0	0	9	0	2908	9	2852	56	2908	0.9807427785419532	0.0	0.0
nad1	661	C	0	172	0	2735	0	0	8	0	2907	8	2735	172	2907	0.9408324733402132	0.0	0.0
nad1	1518	C	0	397	0	1168	0	0	17	0	1565	17	1168	397	1565	0.7463258785942491	0.0	0.0
nad1	1600	C	0	1669	0	2415	0	0	17	0	4084	17	2415	1669	4084	0.5913320274240941	0.0	0.0
nad1	1610	C	0	1570	0	2954	0	0	19	0	4524	19	2954	1570	4524	0.6529619805481874	0.0	0.0
nad1	1616	C	0	576	0	4294	0	0	19	0	4870	19	4294	576	4870	0.8817248459958932	0.0	0.0
nad1	1634	C	0	316	0	4895	0	0	20	0	5211	20	4895	316	5211	0.9393590481673383	0.0	0.0
nad1	1637	C	0	509	0	5500	0	0	19	0	6009	19	5500	509	6009	0.9152937260775503	0.0	0.0
nad1	1643	C	0	421	0	5310	0	0	21	0	5731	21	5310	421	5731	0.9265398708776827	0.0	0.0
nad1	1655	C	0	317	0	5736	0	0	19	0	6053	19	5736	317	6053	0.9476292747397984	0.0	0.0
nad1	1664	C	0	154	0	6404	0	0	18	0	6558	18	6404	154	6558	0.976517230863068	0.0	0.0
nad1	1682	C	0	706	0	6431	0	0	19	0	7137	19	6431	706	7137	0.9010788846854421	0.0	0.0
nad1	2593	C	0	588	0	80	0	0	7	0	668	7	80	588	668	0.11976047904191617	1.0283620362093903e-12	5.5843693109749015e-11
nad1	3040	C	0	256	0	399	0	0	44	0	655	44	399	256	655	0.6091603053435114	0.0	0.0
nad1	3041	C	0	606	0	55	0	0	44	0	661	44	55	606	661	0.0832072617246596	0.00020003505679774976	0.010566058005171334
nad1	3063	C	0	723	0	7326	0	0	44	0	8049	44	7326	723	8049	0.9101751770406261	0.0	0.0
nad1	3069	T	0	7642	0	812	45	0	0	0	8454	45	7642	812	8454	0.9039507925242489	0.0	0.0
nad1	3072	C	0	119	0	8541	0	0	48	0	8660	48	8541	119	8660	0.9862586605080832	0.0	0.0
nad1	3074	T	0	7862	0	1043	49	0	0	0	8905	49	7862	1043	8905	0.8828747894441326	0.0	0.0
nad1	3078	T	0	8447	0	449	49	0	0	0	8896	49	8447	449	8896	0.9495278776978417	0.0	0.0
nad1	3082	C	0	3228	0	5672	0	0	52	0	8900	52	5672	3228	8900	0.6373033707865169	0.0	0.0
nad1	3086	T	0	6846	0	1486	51	0	0	0	8332	51	6846	1486	8332	0.8216514642342775	0.0	0.0
nad1	3090	C	0	452	0	8110	0	0	52	0	8562	52	8110	452	8562	0.9472085961224013	0.0	0.0
nad1	3096	T	0	8922	0	430	52	0	0	0	9352	52	8922	430	9352	0.9540205303678357	0.0	0.0
nad1	3117	C	0	151	0	9005	0	0	47	0	9156	47	9005	151	9156	0.9835080821319353	0.0	0.0
nad1	3138	C	0	229	0	9206	0	0	45	0	9435	45	9206	229	9435	0.9757286698463169	0.0	0.0
nad1	3140	C	0	160	0	9406	0	0	44	0	9566	44	9406	160	9566	0.9832740957558018	0.0	0.0
nad1	3152	C	0	182	0	10364	0	0	48	0	10546	48	10364	182	10546	0.9827422719514508	0.0	0.0
nad1	3179	T	0	10988	0	666	36	0	0	0	11654	36	10988	666	11654	0.942852239574395	0.0	0.0
nad1	3197	C	0	319	0	11800	0	0	35	0	12119	35	11800	319	12119	0.9736776961795528	0.0	0.0
nad1	3214	C	0	11170	0	881	0	0	30	0	12051	30	881	11170	12051	0.0731059663098498	5.205900844974321e-28	2.8581845521960956e-26
nad1	3224	C	0	10332	0	937	0	0	29	0	11269	29	937	10332	11269	0.08314846037802821	8.085454112938176e-50	4.4815291550120987e-48
nad1	3225	C	0	111	0	11195	0	0	29	0	11306	29	11195	111	11306	0.9901822041393951	0.0	0.0
nad1	3231	C	0	298	0	11160	0	0	30	0	11458	30	11160	298	11458	0.9739919706755106	0.0	0.0
nad1	3232	C	0	108	0	11353	0	0	29	0	11461	29	11353	108	11461	0.9905767385044935	0.0	0.0
nad1	3236	C	0	306	0	11012	0	0	24	0	11318	24	11012	306	11318	0.9729634210991341	0.0	0.0
nad1	3239	C	0	441	0	10970	0	0	24	0	11411	24	10970	441	11411	0.9613530803610552	0.0	0.0
nad1	3243	C	0	449	0	9905	0	0	23	0	10354	23	9905	449	10354	0.9566351168630481	0.0	0.0
nad1	3246	T	0	9822	0	712	23	0	0	0	10534	23	9822	712	10534	0.9324093411809379	0.0	0.0
nad1	3264	T	0	9508	0	206	24	0	0	0	9714	24	9508	206	9714	0.978793493926292	0.0	0.0
nad1	3267	C	0	285	0	9644	0	0	18	0	9929	18	9644	285	9929	0.9712962030415954	0.0	0.0
nad1	3273	C	0	537	0	9275	0	0	20	0	9812	20	9275	537	9812	0.9452710966163881	0.0	0.0
nad1	3294	C	0	311	0	9405	0	0	17	0	9716	17	9405	311	9716	0.9679909427748045	0.0	0.0
nad1	3312	C	0	117	0	9111	0	0	15	0	9228	15	9111	117	9228	0.9873211963589077	0.0	0.0
nad1	3320	C	0	80	0	8461	0	0	14	0	8541	14	8461	80	8541	0.9906334152909495	0.0	0.0
nad1	3321	T	0	8537	0	272	14	0	0	0	8809	14	8537	272	8809	0.969122488364173	0.0	0.0
nad1	3324	T	0	8501	0	269	14	0	0	0	8770	14	8501	269	8770	0.969327251995439	0.0	0.0
nad1	3339	C	0	519	0	7093	0	0	13	0	7612	13	7093	519	7612	0.9318181818181818	0.0	0.0
nad1	3344	C	0	187	0	7499	0	0	13	0	7686	13	7499	187	7686	0.9756700494405413	0.0	0.0
nad1	3348	C	0	226	0	7394	0	0	11	0	7620	11	7394	226	7620	0.9703412073490814	0.0	0.0
nad1	5385	C	0	400	0	8685	0	0	28	0	9085	28	8685	400	9085	0.9559713813979086	0.0	0.0
nad1	5388	C	0	429	0	8731	0	0	31	0	9160	31	8731	429	9160	0.9531659388646289	0.0	0.0
nad1	5393	C	0	5696	0	3668	0	0	28	0	9364	28	3668	5696	9364	0.3917129431866724	0.0	0.0
nad1	5406	C	0	498	0	9739	0	0	30	0	10237	30	9739	498	10237	0.9513529354303019	0.0	0.0
nad1	5481	C	0	273	0	9837	0	0	31	0	10110	31	9837	273	10110	0.9729970326409495	0.0	0.0
nad1	5495	C	0	48	0	10587	0	0	29	0	10635	29	10587	48	10635	0.9954866008462624	0.0	0.0
nad1	5514	T	0	10000	0	149	28	0	0	0	10149	28	10000	149	10149	0.9853187506158242	0.0	0.0
nad1	5516	T	0	10026	0	228	27	0	0	0	10254	27	10026	228	10254	0.9777647747220597	0.0	0.0
nad1	5519	C	0	94	0	10217	0	0	28	0	10311	28	10217	94	10311	0.9908835224517506	0.0	0.0
nad1	5522	T	0	10125	0	214	27	0	0	0	10339	27	10125	214	10339	0.9793016732759454	0.0	0.0
nad1	5531	T	0	10424	0	188	28	0	0	0	10612	28	10424	188	10612	0.9822842065586129	0.0	0.0
nad1	5535	C	0	402	0	10308	0	0	27	0	10710	27	10308	402	10710	0.9624649859943978	0.0	0.0
nad1	5549	C	0	254	0	10406	0	0	24	0	10660	24	10406	254	10660	0.976172607879925	0.0	0.0
nad1	5562	C	0	241	0	10887	0	0	21	0	11128	21	10887	241	11128	0.9783429187634796	0.0	0.0
nad1	5579	C	0	122	0	10659	0	0	23	0	10781	23	10659	122	10781	0.988683795566274	0.0	0.0
nad1	5589	C	0	207	0	10098	0	0	28	0	10305	28	10098	207	10305	0.9799126637554585	0.0	0.0
nad1	5595	T	0	10183	0	95	27	0	0	0	10278	27	10183	95	10278	0.9907569566063437	0.0	0.0
nad1	5604	C	0	200	0	9154	0	0	27	0	9354	27	9154	200	9354	0.978618772717554	0.0	0.0
nad1	5627	C	0	193	0	9805	0	0	17	0	9998	17	9805	193	9998	0.9806961392278456	0.0	0.0
nad2	67	C	0	3578	0	281	0	0	0	0	3859	0	281	3578	3859	0.07281679191500388	5.825669004635152e-10	3.142312326299849e-8
nad2	84	C	0	309	0	4388	0	0	0	0	4697	0	4388	309	4697	0.9342133276559506	0.0	0.0
nad2	111	C	0	1298	0	4808	0	0	1	0	6106	1	4808	1298	6106	0.7874222076645923	0.0	0.0
nad2	138	C	0	335	0	6846	0	0	1	0	7181	1	6846	335	7181	0.9533491157220443	0.0	0.0
nad2	162	C	0	212	0	7327	0	0	1	0	7539	1	7327	212	7539	0.9718795596232922	0.0	0.0
nad2	163	C	0	604	0	6999	0	0	1	0	7603	1	6999	604	7603	0.9205576746021308	0.0	0.0
nad2	167	C	0	430	0	7263	0	0	1	0	7693	1	7263	430	7693	0.9441050305472507	0.0	0.0
nad2	207	T	0	7782	0	855	1	0	0	0	8637	1	7782	855	8637	0.9010072941993748	0.0	0.0
nad2	235	C	0	7084	0	635	0	0	1	0	7719	1	635	7084	7719	0.08226454203912424	3.8810396942505215e-33	2.1375383619151e-31
nad2	243	C	0	842	0	6330	0	0	1	0	7172	1	6330	842	7172	0.8825989960959286	0.0	0.0
nad2	1781	C	0	1145	0	6754	0	0	0	0	7899	0	6754	1145	7899	0.8550449423977718	0.0	0.0
nad2	1820	C	0	176	0	9110	0	0	0	0	9286	0	9110	176	9286	0.9810467370234762	0.0	0.0
nad2	1847	C	0	260	0	10022	0	0	0	0	10282	0	10022	260	10282	0.9747130908383583	0.0	0.0
nad2	1858	C	0	208	0	10421	0	0	0	0	10629	0	10421	208	10629	0.9804308966036316	0.0	0.0
nad2	1871	C	0	501	0	11016	0	0	0	0	11517	0	11016	501	11517	0.9564990883042459	0.0	0.0
nad2	1901	C	0	329	0	12819	0	0	0	0	13148	0	12819	329	13148	0.9749771828414968	0.0	0.0
nad2	1903	C	0	264	0	12869	0	0	0	0	13133	0	12869	264	13133	0.979897966953476	0.0	0.0
nad2	1958	C	0	185	0	14050	0	0	1	0	14235	1	14050	185	14235	0.9870038637161925	0.0	0.0
nad2	1964	C	0	291	0	13948	0	0	1	0	14239	1	13948	291	14239	0.9795631715710373	0.0	0.0
nad2	1968	C	0	13381	0	808	0	0	1	0	14189	1	808	13381	14189	0.05694552117837762	0.00010590278293740599	0.005605229362360779
nad2	1972	C	0	268	0	13163	0	0	1	0	13431	1	13163	268	13431	0.9800461618643437	0.0	0.0
nad2	1982	C	0	235	0	13055	0	0	2	0	13290	2	13055	235	13290	0.9823175319789316	0.0	0.0
nad2	2006	C	0	365	0	11841	0	0	2	0	12206	2	11841	365	12206	0.9700966737669998	0.0	0.0
nad2	2033	C	0	540	0	9084	0	0	3	0	9624	3	9084	540	9624	0.9438902743142145	0.0	0.0
nad2	2035	T	0	8281	0	1026	3	0	0	0	9307	3	8281	1026	9307	0.8897603954013108	0.0	0.0
nad2	2042	C	0	197	0	9065	0	0	3	0	9262	3	9065	197	9262	0.9787302958324336	0.0	0.0
nad2	2050	C	0	593	0	8669	0	0	3	0	9262	3	8669	593	9262	0.9359749514143814	0.0	0.0
nad2	2111	C	0	343	0	2558	0	0	3	0	2901	3	2558	343	2901	0.8817649086521889	0.0	0.0
nad2	2117	C	0	406	0	2556	0	0	3	0	2962	3	2556	406	2962	0.862930452397029	0.0	0.0
nad2	2128	C	0	152	0	2667	0	0	3	0	2819	3	2667	152	2819	0.9460801702731465	0.0	0.0
nad2	3426	C	0	529	0	205	0	0	1	0	734	1	205	529	734	0.279291553133515	7.707312336874079e-92	4.341024220790317e-90
nad2	3541	C	0	302	0	4423	0	0	2	0	4725	2	4423	302	4725	0.9360846560846561	0.0	0.0
nad2	3550	C	0	305	0	4958	0	0	2	0	5263	2	4958	305	5263	0.9420482614478435	0.0	0.0
nad2	3613	C	0	558	0	9776	0	0	2	0	10334	2	9776	558	10334	0.9460034836462163	0.0	0.0
nad2	3634	C	0	504	0	10907	0	0	1	0	11411	1	10907	504	11411	0.9558320918412059	0.0	0.0
nad2	3637	C	0	274	0	11167	0	0	1	0	11441	1	11167	274	11441	0.9760510444891181	0.0	0.0
nad2	3638	C	0	6369	0	5100	0	0	1	0	11469	1	5100	6369	11469	0.4446769552707298	0.0	0.0
nad2	3654	T	0	10674	0	656	1	0	0	0	11330	1	10674	656	11330	0.9421006178287732	0.0	0.0
nad2	4064	C	0	193	0	1356	0	0	1	0	1549	1	1356	193	1549	0.8754034861200775	0.0	0.0
nad2	4375	C	0	865	0	211	0	0	2	0	1076	2	211	865	1076	0.19609665427509293	1.2355243200687898e-64	6.899389682564786e-63
nad2	4704	C	0	1295	0	113	0	0	5	0	1408	5	113	1295	1408	0.08025568181818182	9.132444851985946e-7	4.893117118643547e-5
nad2	4785	C	0	36	0	1113	0	0	5	0	1149	5	1113	36	1149	0.9686684073107049	0.0	0.0
nad2	4824	T	0	12153	0	341	4	0	0	0	12494	4	12153	341	12494	0.9727068993116696	0.0	0.0
nad2	4874	C	0	197	0	9270	0	0	3	0	9467	3	9270	197	9467	0.9791908735607902	0.0	0.0
nad2	4875	C	0	207	0	9247	0	0	3	0	9454	3	9247	207	9454	0.978104506029194	0.0	0.0
nad2	4889	T	0	7691	0	201	4	0	0	0	7892	4	7691	201	7892	0.9745311708058794	0.0	0.0
nad2	4896	C	0	220	0	7570	0	0	4	0	7790	4	7570	220	7790	0.9717586649550706	0.0	0.0
nad2	4899	C	0	325	0	7428	0	0	4	0	7753	4	7428	325	7753	0.9580807429382174	0.0	0.0
nad2	4900	C	0	6942	0	809	0	0	4	0	7751	4	809	6942	7751	0.1043736292091343	3.5499211755835106e-83	1.994063249596587e-81
nad2	4910	C	0	365	0	7728	0	0	4	0	8093	4	7728	365	8093	0.9548992956876313	0.0	0.0
nad2	4912	C	0	5428	0	2694	0	0	4	0	8122	4	2694	5428	8122	0.33169170155134203	0.0	0.0
nad2	4917	T	0	7772	0	255	4	0	0	0	8027	4	7772	255	8027	0.9682322162700885	0.0	0.0
nad2	4922	C	0	182	0	7901	0	0	4	0	8083	4	7901	182	8083	0.9774836075714463	0.0	0.0
nad2	4936	C	0	7107	0	1114	0	0	4	0	8221	4	1114	7107	8221	0.13550662936382435	1.1257983250237682e-193	6.487777661251147e-192
nad2	4965	C	0	134	0	6910	0	0	3	0	7044	3	6910	134	7044	0.9809767177739921	0.0	0.0
nad2	4988	T	0	6204	0	231	2	0	0	0	6435	2	6204	231	6435	0.9641025641025641	0.0	0.0
nad2	5007	C	0	95	0	6783	0	0	2	0	6878	2	6783	95	6878	0.9861878453038674	0.0	0.0
nad2	5010	C	0	211	0	6787	0	0	2	0	6998	2	6787	211	6998	0.9698485281509003	0.0	0.0
nad2	5046	C	0	120	0	8822	0	0	0	0	8942	0	8822	120	8942	0.9865801834041601	0.0	0.0
nad2	5060	C	0	246	0	8868	0	0	0	0	9114	0	8868	246	9114	0.9730085582620145	0.0	0.0
nad2	5070	C	0	759	0	8758	0	0	0	0	9517	0	8758	759	9517	0.9202479773037722	0.0	0.0
nad2	5081	T	0	10288	0	143	0	0	0	0	10431	0	10288	143	10431	0.9862908637714505	0.0	0.0
nad2	5103	C	0	64	0	10100	0	0	0	0	10164	0	10100	64	10164	0.9937032664305392	0.0	0.0
nad2	5108	C	0	121	0	10337	0	0	1	0	10458	1	10337	121	10458	0.9884299101166572	0.0	0.0
nad2	5115	C	0	100	0	10478	0	0	2	0	10578	2	10478	100	10578	0.9905464170920779	0.0	0.0
nad2	5153	T	0	11404	0	176	2	0	0	0	11580	2	11404	176	11580	0.9848013816925734	0.0	0.0
nad2	5156	T	0	11384	0	417	2	0	0	0	11801	2	11384	417	11801	0.964664011524447	0.0	0.0
nad2	5161	C	0	119	0	11757	0	0	2	0	11876	2	11757	119	11876	0.98997979117548	0.0	0.0
nad2	5225	C	0	12738	0	921	0	0	3	0	13659	3	921	12738	13659	0.06742806940478806	3.2598121499358098e-19	1.7785126549623677e-17
nad2	5226	C	0	198	0	13294	0	0	3	0	13492	3	13294	198	13492	0.9853246368218204	0.0	0.0
nad2	5243	C	0	110	0	13199	0	0	4	0	13309	4	13199	110	13309	0.9917349162221053	0.0	0.0
nad2	5244	T	0	13148	0	177	4	0	0	0	13325	4	13148	177	13325	0.9867166979362101	0.0	0.0
nad2	5259	T	0	12874	0	217	5	0	0	0	13091	5	12874	217	13091	0.9834237262241234	0.0	0.0
nad2	5261	T	0	13367	0	378	3	0	0	0	13745	3	13367	378	13745	0.9724990905783921	0.0	0.0
nad2	5276	C	0	297	0	12196	0	0	4	0	12493	4	12196	297	12493	0.9762266869446891	0.0	0.0
nad2	5288	C	0	78	0	12805	0	0	3	0	12883	3	12805	78	12883	0.9939455095862765	0.0	0.0
nad2	5307	C	0	174	0	13183	0	0	4	0	13357	4	13183	174	13357	0.9869731227071947	0.0	0.0
nad2	5363	C	0	58	0	10761	0	0	4	0	10819	4	10761	58	10819	0.9946390609113597	0.0	0.0
nad2	6572	C	0	182	0	1668	0	0	4	0	1850	4	1668	182	1850	0.9016216216216216	0.0	0.0
nad2	6645	C	0	470	0	1226	0	0	0	0	1696	0	1226	470	1696	0.722877358490566	0.0	0.0
nad2	6723	C	0	286	0	13587	0	0	0	0	13873	0	13587	286	13873	0.9793844157716428	0.0	0.0
nad2	6802	C	0	211	0	12815	0	0	0	0	13026	0	12815	211	13026	0.9838016275142024	0.0	0.0
nad2	6805	C	0	609	0	12222	0	0	0	0	12831	0	12222	609	12831	0.9525368248772504	0.0	0.0
nad2	6816	C	0	849	0	11896	0	0	2	0	12745	2	11896	849	12745	0.933385641428011	0.0	0.0
nad2	6819	C	0	261	0	12445	0	0	2	0	12706	2	12445	261	12706	0.9794585235321895	0.0	0.0
nad2	6825	C	0	700	0	11960	0	0	2	0	12660	2	11960	700	12660	0.9447077409162717	0.0	0.0
nad2	6829	T	0	11554	0	1001	2	0	0	0	12555	2	11554	1001	12555	0.9202708084428515	0.0	0.0
nad2	6854	C	0	8943	0	2099	0	0	2	0	11042	2	2099	8943	11042	0.1900923745698243	0.0	0.0
nad2	6879	C	0	112	0	8912	0	0	2	0	9024	2	8912	112	9024	0.9875886524822695	0.0	0.0
nad2	6883	C	0	7937	0	852	0	0	2	0	8789	2	852	7937	8789	0.09693935601319832	1.3832417814505984e-72	7.744967916718035e-71
nad3	81	C	0	7325	0	3823	0	0	17	0	11148	17	3823	7325	11148	0.3429314675278077	0.0	0.0
nad3	130	T	0	12943	0	527	30	0	0	0	13470	30	12943	527	13470	0.9608760207869339	0.0	0.0
nad3	152	C	0	354	0	13780	0	0	39	0	14134	39	13780	354	14134	0.9749540116032263	0.0	0.0
nad3	155	C	0	334	0	13399	0	0	40	0	13733	40	13399	334	13733	0.9756790213354694	0.0	0.0
nad3	167	C	0	859	0	12203	0	0	48	0	13062	48	12203	859	13062	0.9342367171949165	0.0	0.0
nad3	171	C	0	12388	0	775	0	0	49	0	13163	49	775	12388	13163	0.05887715566360252	2.841158729835869e-6	0.0001518384982574177
nad3	229	C	0	349	0	11343	0	0	53	0	11692	53	11343	349	11692	0.9701505302771125	0.0	0.0
nad3	235	C	0	588	0	11098	0	0	56	0	11686	56	11098	588	11686	0.9496833818244053	0.0	0.0
nad3	242	C	0	507	0	10288	0	0	54	0	10795	54	10288	507	10795	0.9530338119499768	0.0	0.0
nad3	248	T	0	9685	0	1380	54	0	0	0	11065	54	9685	1380	11065	0.8752824220515137	0.0	0.0
nad3	250	C	0	731	0	10524	0	0	53	0	11255	53	10524	731	11255	0.9350510884051533	0.0	0.0
nad3	260	T	0	9983	0	1605	58	0	0	0	11588	58	9983	1605	11588	0.8614946496375561	0.0	0.0
nad3	278	C	0	318	0	10868	0	0	62	0	11186	62	10868	318	11186	0.9715716073663508	0.0	0.0
nad3	280	T	0	8904	0	2446	64	0	0	0	11350	64	8904	2446	11350	0.7844933920704846	0.0	0.0
nad3	283	C	0	442	0	11137	0	0	63	0	11579	63	11137	442	11579	0.9618274462388807	0.0	0.0
nad3	284	C	0	542	0	11027	0	0	66	0	11569	66	11027	542	11569	0.953150661249892	0.0	0.0
nad3	290	C	0	677	0	10869	0	0	66	0	11546	66	10869	677	11546	0.9413649748830764	0.0	0.0
nad3	298	T	0	9858	0	753	68	0	0	0	10611	68	9858	753	10611	0.9290359061351428	0.0	0.0
nad3	299	C	0	801	0	9534	0	0	66	0	10335	66	9534	801	10335	0.9224963715529754	0.0	0.0
nad3	302	C	0	705	0	9684	0	0	68	0	10389	68	9684	705	10389	0.9321397632110886	0.0	0.0
nad3	305	C	0	827	0	9613	0	0	67	0	10440	67	9613	827	10440	0.9207854406130268	0.0	0.0
nad3	306	C	0	3158	0	7299	0	0	69	0	10457	69	7299	3158	10457	0.698001338816104	0.0	0.0
nad3	308	C	0	1157	0	9409	0	0	65	0	10566	65	9409	1157	10566	0.8904978232065115	0.0	0.0
nad3	312	C	0	9217	0	1473	0	0	67	0	10690	67	1473	9217	10690	0.13779232927970064	7.418635822264037e-263	4.359387349325909e-261
nad3	314	C	0	828	0	9806	0	0	67	0	10634	67	9806	828	10634	0.9221365431634381	0.0	0.0
nad3	315	C	0	5374	0	5301	0	0	68	0	10675	68	5301	5374	10675	0.4965807962529274	0.0	0.0
nad3	320	C	0	784	0	10073	0	0	68	0	10857	68	10073	784	10857	0.9277885235332044	0.0	0.0
nad3	331	C	0	843	0	10364	0	0	70	0	11207	70	10364	843	11207	0.9247791558847149	0.0	0.0
nad3	332	C	0	1066	0	10200	0	0	74	0	11266	74	10200	1066	11266	0.9053790165098526	0.0	0.0
nad3	333	C	0	490	0	10825	0	0	78	0	11315	78	10825	490	11315	0.9566946531153336	0.0	0.0
nad3	335	C	0	1272	0	10076	0	0	77	0	11348	77	10076	1272	11348	0.8879097638350371	0.0	0.0
nad3	343	C	0	1468	0	9652	0	0	71	0	11120	71	9652	1468	11120	0.8679856115107913	0.0	0.0
nad3	356	C	0	1236	0	9322	0	0	63	0	10558	63	9322	1236	10558	0.8829323735555976	0.0	0.0
nad3	382	C	0	364	0	9989	0	0	67	0	10353	67	9989	364	10353	0.964841108857336	0.0	0.0
nad3	393	G	0	0	9578	0	0	50	0	11	9578	61	11	50	61	0.18032786885245902	0.00019983486554905035	0.010560822838930086
nad3	403	C	0	996	0	7377	0	0	57	0	8373	57	7377	996	8373	0.8810462199928341	0.0	0.0
nad3	409	C	0	468	0	7315	0	0	54	0	7783	54	7315	468	7783	0.9398689451368367	0.0	0.0
nad3	410	C	0	563	0	7228	0	0	55	0	7791	55	7228	563	7791	0.9277371325888846	0.0	0.0
nad3	414	C	0	6779	0	714	0	0	52	0	7493	52	714	6779	7493	0.09528893634058455	2.143955864895478e-58	1.193396423890674e-56
nad3	422	C	0	199	0	7052	0	0	42	0	7251	42	7052	199	7251	0.9725555095848848	0.0	0.0
nad3	427	C	0	471	0	6704	0	0	41	0	7175	41	6704	471	7175	0.9343554006968641	0.0	0.0
nad3	449	C	0	579	0	4776	0	0	31	0	5355	31	4776	579	5355	0.8918767507002802	0.0	0.0
nad3	454	C	0	229	0	4982	0	0	32	0	5211	32	4982	229	5211	0.9560545000959508	0.0	0.0
nad3	463	C	0	4041	0	811	0	0	26	0	4852	26	811	4041	4852	0.16714756801319045	1.636733637962231e-196	9.4374133826873e-195
nad3	464	C	0	1072	0	3721	0	0	27	0	4793	27	3721	1072	4793	0.7763404965574796	0.0	0.0
nad3	478	C	0	1029	0	2367	0	0	24	0	3396	24	2367	1029	3396	0.6969964664310954	0.0	0.0
nad4	459	C	0	6624	0	602	0	0	14	0	7226	14	602	6624	7226	0.08331026847495156	6.3529688406338e-33	3.4971453344015773e-31
nad4	514	C	0	735	0	10758	0	0	17	0	11493	17	10758	735	11493	0.9360480292351866	0.0	0.0
nad4	517	C	0	732	0	10796	0	0	16	0	11528	16	10796	732	11528	0.936502428868841	0.0	0.0
nad4	554	T	0	13242	0	1004	16	0	0	0	14246	16	13242	1004	14246	0.9295240769338762	0.0	0.0
nad4	560	T	0	11484	0	2969	19	0	0	0	14453	19	11484	2969	14453	0.7945755206531516	0.0	0.0
nad4	577	T	0	11754	0	3551	16	0	0	0	15305	16	11754	3551	15305	0.767984318850049	0.0	0.0
nad4	623	C	0	1184	0	13474	0	0	18	0	14658	18	13474	1184	14658	0.9192249965888935	0.0	0.0
nad4	629	C	0	2382	0	11991	0	0	19	0	14373	19	11991	2382	14373	0.8342725944479232	0.0	0.0
nad4	637	T	0	12177	0	2254	19	0	0	0	14431	19	12177	2254	14431	0.8438084678816437	0.0	0.0
nad4	740	C	0	367	0	12926	0	0	7	0	13293	7	12926	367	13293	0.9723914842398255	0.0	0.0
nad4	775	C	0	438	0	9814	0	0	7	0	10252	7	9814	438	10252	0.9572766289504487	0.0	0.0
nad4	790	C	0	268	0	9791	0	0	5	0	10059	5	9791	268	10059	0.9733571925638731	0.0	0.0
nad4	868	C	0	131	0	8049	0	0	8	0	8180	8	8049	131	8180	0.9839853300733497	0.0	0.0
nad4	875	C	0	186	0	8166	0	0	8	0	8352	8	8166	186	8352	0.9777298850574713	0.0	0.0
nad4	884	C	0	228	0	7831	0	0	8	0	8059	8	7831	228	8059	0.9717086487157216	0.0	0.0
nad4	887	C	0	200	0	8131	0	0	8	0	8331	8	8131	200	8331	0.975993278117873	0.0	0.0
nad4	888	C	0	159	0	8096	0	0	8	0	8255	8	8096	159	8255	0.9807389460932768	0.0	0.0
nad4	889	C	0	222	0	8031	0	0	8	0	8253	8	8031	222	8253	0.9731006906579426	0.0	0.0
nad4	890	C	0	201	0	8066	0	0	8	0	8267	8	8066	201	8267	0.9756864642554736	0.0	0.0
nad4	902	C	0	179	0	8401	0	0	8	0	8580	8	8401	179	8580	0.9791375291375292	0.0	0.0
nad4	989	C	0	176	0	11744	0	0	6	0	11920	6	11744	176	11920	0.9852348993288591	0.0	0.0
nad4	1059	C	0	13726	0	1245	0	0	2	0	14971	2	1245	13726	14971	0.0831607775031728	1.4621776321745257e-65	8.169428824042484e-64
nad4	1119	C	0	5242	0	8554	0	0	3	0	13796	3	8554	5242	13796	0.6200347926935343	0.0	0.0
nad4	1122	C	0	6029	0	7946	0	0	3	0	13975	3	7946	6029	13975	0.5685867620751341	0.0	0.0
nad4	1235	C	0	261	0	14375	0	0	2	0	14636	2	14375	261	14636	0.9821672588138836	0.0	0.0
nad4	1265	C	0	326	0	13482	0	0	2	0	13808	2	13482	326	13808	0.9763904982618772	0.0	0.0
nad4	1295	C	0	213	0	12692	0	0	2	0	12905	2	12692	213	12905	0.983494769469198	0.0	0.0
nad4	1297	C	0	386	0	12573	0	0	3	0	12959	3	12573	386	12959	0.9702137510610387	0.0	0.0
nad4	1301	C	0	446	0	12485	0	0	3	0	12931	3	12485	446	12931	0.965509241357977	0.0	0.0
nad4	1306	T	0	11884	0	757	3	0	0	0	12641	3	11884	757	12641	0.9401154971916779	0.0	0.0
nad4	1313	C	0	418	0	12337	0	0	3	0	12755	3	12337	418	12755	0.9672285378283026	0.0	0.0
nad4	1322	C	0	926	0	11983	0	0	3	0	12909	3	11983	926	12909	0.9282671004725386	0.0	0.0
nad4	1331	C	0	865	0	11376	0	0	3	0	12241	3	11376	865	12241	0.9293358385752798	0.0	0.0
nad4	1340	C	0	645	0	12153	0	0	3	0	12798	3	12153	645	12798	0.9496015002344116	0.0	0.0
nad4	1342	C	0	599	0	12387	0	0	3	0	12986	3	12387	599	12986	0.9538734021253658	0.0	0.0
nad4	1344	C	0	11678	0	1245	0	0	3	0	12923	3	1245	11678	12923	0.09633985916582836	2.386360883104776e-103	1.3484423205342727e-101
nad4	1348	C	0	111	0	12484	0	0	3	0	12595	3	12484	111	12595	0.9911869789599047	0.0	0.0
nad4	1349	T	0	11431	0	1197	3	0	0	0	12628	3	11431	1197	12628	0.905210643015521	0.0	0.0
nad4	1352	C	0	337	0	12045	0	0	3	0	12382	3	12045	337	12382	0.9727830722015829	0.0	0.0
nad4	1366	T	0	8737	0	1527	2	0	0	0	10264	2	8737	1527	10264	0.8512275915822292	0.0	0.0
nad4	1371	C	0	7583	0	2631	0	0	2	0	10214	2	2631	7583	10214	0.25758762482866654	0.0	0.0
nad4	1391	T	0	10661	0	449	1	0	0	0	11110	1	10661	449	11110	0.9595859585958596	0.0	0.0
nad4	1396	C	0	587	0	10568	0	0	1	0	11155	1	10568	587	11155	0.9473778574630211	0.0	0.0
nad4	1400	T	0	10708	0	683	1	0	0	0	11391	1	10708	683	11391	0.9400403827583179	0.0	0.0
nad4	1408	T	0	10636	0	630	1	0	0	0	11266	1	10636	630	11266	0.944079531333215	0.0	0.0
nad4	1412	C	0	827	0	10591	0	0	1	0	11418	1	10591	827	11418	0.9275705027150114	0.0	0.0
nad4	3507	C	0	50	0	11960	0	0	5	0	12010	5	11960	50	12010	0.9958368026644463	0.0	0.0
nad4	3540	C	0	417	0	12279	0	0	5	0	12696	5	12279	417	12696	0.9671550094517959	0.0	0.0
nad4	3541	C	0	418	0	12380	0	0	5	0	12798	5	12380	418	12798	0.9673386466635412	0.0	0.0
nad4	3543	C	0	276	0	12543	0	0	5	0	12819	5	12543	276	12819	0.9784694593962088	0.0	0.0
nad4	3546	C	0	392	0	12505	0	0	5	0	12897	5	12505	392	12897	0.9696053345739319	0.0	0.0
nad4	3558	C	0	249	0	12937	0	0	5	0	13186	5	12937	249	13186	0.9811163355073563	0.0	0.0
nad4	3563	C	0	407	0	12899	0	0	5	0	13306	5	12899	407	13306	0.9694122952051706	0.0	0.0
nad4	3564	T	0	12765	0	679	5	0	0	0	13444	5	12765	679	13444	0.9494941981553109	0.0	0.0
nad4	3567	T	0	12466	0	1076	5	0	0	0	13542	5	12466	1076	13542	0.9205434943139861	0.0	0.0
nad4	3576	C	0	461	0	12505	0	0	5	0	12966	5	12505	461	12966	0.9644454727749499	0.0	0.0
nad4	3577	C	0	672	0	12313	0	0	5	0	12985	5	12313	672	12985	0.9482479784366576	0.0	0.0
nad4	3579	C	0	504	0	12409	0	0	5	0	12913	5	12409	504	12913	0.9609695655540927	0.0	0.0
nad4	3581	C	0	886	0	12079	0	0	5	0	12965	5	12079	886	12965	0.9316621673736984	0.0	0.0
nad4	3594	C	0	373	0	12379	0	0	6	0	12752	6	12379	373	12752	0.970749686323714	0.0	0.0
nad4	3602	T	0	10819	0	1075	5	0	0	0	11894	5	10819	1075	11894	0.9096182949386246	0.0	0.0
nad4	3614	T	0	11534	0	306	5	0	0	0	11840	5	11534	306	11840	0.9741554054054054	0.0	0.0
nad4	3618	C	0	198	0	11530	0	0	5	0	11728	5	11530	198	11728	0.9831173260572987	0.0	0.0
nad4	3639	C	0	305	0	11437	0	0	3	0	11742	3	11437	305	11742	0.9740248679952308	0.0	0.0
nad4	3667	C	0	123	0	10267	0	0	2	0	10390	2	10267	123	10390	0.9881616939364773	0.0	0.0
nad4	3677	C	0	546	0	10287	0	0	2	0	10833	2	10287	546	10833	0.9495984491830518	0.0	0.0
nad4	3687	C	0	133	0	10864	0	0	2	0	10997	2	10864	133	10997	0.9879057924888606	0.0	0.0
nad4	3720	C	0	385	0	9865	0	0	2	0	10250	2	9865	385	10250	0.9624390243902439	0.0	0.0
nad4	3721	C	0	9612	0	643	0	0	2	0	10255	2	643	9612	10255	0.06270112140419308	7.034321560296737e-9	3.790334794325957e-7
nad4	3735	C	0	338	0	9533	0	0	1	0	9871	1	9533	338	9871	0.9657582818356802	0.0	0.0
nad4	3741	C	0	640	0	9043	0	0	1	0	9683	1	9043	640	9683	0.9339047815759579	0.0	0.0
nad4	3755	T	0	7395	0	1185	0	0	0	0	8580	0	7395	1185	8580	0.8618881118881119	0.0	0.0
nad4	3780	C	0	420	0	8494	0	0	0	0	8914	0	8494	420	8914	0.9528831052277317	0.0	0.0
nad4	3815	C	0	174	0	7899	0	0	1	0	8073	1	7899	174	8073	0.978446674098848	0.0	0.0
nad4	3825	C	0	391	0	7205	0	0	3	0	7596	3	7205	391	7596	0.9485255397577672	0.0	0.0
nad4	3852	C	0	890	0	7553	0	0	5	0	8443	5	7553	890	8443	0.8945872320265309	0.0	0.0
nad4	3918	C	0	371	0	9777	0	0	6	0	10148	6	9777	371	10148	0.9634410721324399	0.0	0.0
nad4	3923	C	0	1244	0	8846	0	0	6	0	10090	6	8846	1244	10090	0.8767096134786918	0.0	0.0
nad4	3945	C	0	1786	0	255	0	0	6	0	2041	6	255	1786	2041	0.12493875551200392	8.665989780876596e-40	4.790595832306808e-38
nad4	6539	C	0	1719	0	853	0	0	13	0	2572	13	853	1719	2572	0.33164852255054433	0.0	0.0
nad4	6643	C	0	277	0	1612	0	0	14	0	1889	14	1612	277	1889	0.853361566966649	0.0	0.0
nad4	6651	C	0	165	0	1533	0	0	16	0	1698	16	1533	165	1698	0.9028268551236749	0.0	0.0
nad4	6655	C	0	310	0	1275	0	0	17	0	1585	17	1275	310	1585	0.804416403785489	0.0	0.0
nad4	6660	C	0	338	0	8808	0	0	17	0	9146	17	8808	338	9146	0.963043953640936	0.0	0.0
nad4	6661	C	0	8695	0	540	0	0	17	0	9235	17	540	8695	9235	0.05847319978343259	0.00014341060625760974	0.007586602603440539
nad4	6665	C	0	935	0	8579	0	0	16	0	9514	16	8579	935	9514	0.9017237754887534	0.0	0.0
nad4	6690	C	0	1697	0	8503	0	0	29	0	10200	29	8503	1697	10200	0.8336274509803921	0.0	0.0
nad4	6692	C	0	1739	0	8479	0	0	33	0	10218	33	8479	1739	10218	0.8298101389704443	0.0	0.0
nad4	6711	T	0	8374	0	139	33	0	0	0	8513	33	8374	139	8513	0.9836720310113943	0.0	0.0
nad4	6771	C	0	194	0	5994	0	0	27	0	6188	27	5994	194	6188	0.9686489980607628	0.0	0.0
nad4	6818	C	0	1880	0	136	0	0	21	0	2016	21	136	1880	2016	0.06746031746031746	0.0003477233646187526	0.018339291840165205
nad4	7135	C	0	95	0	136	0	0	16	0	231	16	136	95	231	0.5887445887445888	4.322414757738521e-113	2.447728422160004e-111
nad4L	149	C	0	8	0	17	0	0	1	0	25	1	17	8	25	0.68	5.604966397916384e-17	3.051625269694131e-15
nad4L	261	C	0	1673	0	15521	0	0	55	0	17194	55	15521	1673	17194	0.902698615796208	0.0	0.0
nad4L	289	C	0	4239	0	16837	0	0	58	0	21076	58	16837	4239	21076	0.7988707534636553	0.0	0.0
nad4L	300	C	0	177	0	22107	0	0	66	0	22284	66	22107	177	22284	0.9920570813139472	0.0	0.0
nad4L	314	C	0	901	0	21962	0	0	68	0	22863	68	21962	901	22863	0.9605913484669554	0.0	0.0
nad4L	327	C	0	1361	0	25005	0	0	84	0	26366	84	25005	1361	26366	0.9483804900250322	0.0	0.0
nad4L	345	C	0	685	0	26851	0	0	78	0	27536	78	26851	685	27536	0.9751234747239976	0.0	0.0
nad4L	354	C	0	338	0	27484	0	0	87	0	27822	87	27484	338	27822	0.9878513406656603	0.0	0.0
nad4L	357	C	0	775	0	26544	0	0	95	0	27319	95	26544	775	27319	0.971631465280574	0.0	0.0
nad4L	359	C	0	1020	0	25937	0	0	96	0	26957	96	25937	1020	26957	0.962161961642616	0.0	0.0
nad4L	360	T	0	24899	0	1920	97	0	0	0	26819	97	24899	1920	26819	0.9284089637943249	0.0	0.0
nad4L	369	C	0	2103	0	25726	0	0	93	0	27829	93	25726	2103	27829	0.9244313485931942	0.0	0.0
nad4L	375	C	0	2093	0	26228	0	0	89	0	28321	89	26228	2093	28321	0.9260972423290138	0.0	0.0
nad4L	385	C	0	19905	0	8485	0	0	89	0	28390	89	8485	19905	28390	0.29887284255019375	0.0	0.0
nad4L	407	C	0	906	0	26201	0	0	114	0	27107	114	26201	906	27107	0.9665768989559892	0.0	0.0
nad4L	417	C	0	2087	0	25927	0	0	114	0	28014	114	25927	2087	28014	0.9255015349468123	0.0	0.0
nad4L	434	T	0	22942	0	2150	133	0	0	0	25092	133	22942	2150	25092	0.9143153196237844	0.0	0.0
nad4L	438	C	0	1233	0	23944	0	0	132	0	25177	132	23944	1233	25177	0.951026730746316	0.0	0.0
nad4L	440	C	0	1434	0	24082	0	0	135	0	25516	135	24082	1434	25516	0.9437999686471233	0.0	0.0
nad4L	442	C	0	18100	0	7416	0	0	136	0	25516	136	7416	18100	25516	0.2906411663270105	0.0	0.0
nad4L	447	C	0	330	0	24884	0	0	135	0	25214	135	24884	330	25214	0.986912032997541	0.0	0.0
nad4L	468	T	0	23073	0	890	134	0	0	0	23963	134	23073	890	23963	0.9628594082543922	0.0	0.0
nad4L	498	C	0	1451	0	22376	0	0	137	0	23827	137	22376	1451	23827	0.9391026986192135	0.0	0.0
nad4L	543	C	0	1141	0	23655	0	0	123	0	24796	123	23655	1141	24796	0.9539845136312308	0.0	0.0
nad4L	548	C	0	1446	0	23534	0	0	117	0	24980	117	23534	1446	24980	0.9421136909527622	0.0	0.0
nad4L	552	C	0	1463	0	23302	0	0	118	0	24765	118	23302	1463	24765	0.9409246921057944	0.0	0.0
nad4L	560	C	0	1600	0	21511	0	0	112	0	23111	112	21511	1600	23111	0.9307688979273939	0.0	0.0
nad4L	564	C	0	2137	0	20976	0	0	112	0	23113	112	20976	2137	23113	0.9075412105741357	0.0	0.0
nad4L	574	C	0	7072	0	18014	0	0	116	0	25086	116	18014	7072	25086	0.7180897711871164	0.0	0.0
nad4L	576	C	0	22890	0	2124	0	0	113	0	25014	113	2124	22890	25014	0.08491244902854402	1.023499914023008e-118	5.8022393389649416e-117
nad4L	586	C	0	21002	0	3314	0	0	106	0	24316	106	3314	21002	24316	0.13628886329988485	0.0	0.0
nad4L	593	C	0	18228	0	6468	0	0	102	0	24696	102	6468	18228	24696	0.2619047619047619	0.0	0.0
nad4L	594	C	0	3050	0	21662	0	0	102	0	24712	102	21662	3050	24712	0.8765781806409841	0.0	0.0
nad4L	596	C	0	22537	0	1991	0	0	102	0	24528	102	1991	22537	24528	0.08117253750815395	8.530164855893102e-95	4.812265789112912e-93
nad4L	597	C	0	15256	0	9548	0	0	100	0	24804	100	9548	15256	24804	0.38493791323980003	0.0	0.0
nad4L	860	T	0	36	0	265	73	0	0	0	301	73	36	265	301	0.11960132890365449	1.4847051830594715e-6	7.946823643752745e-5
nad4L	1548	C	0	0	0	4	0	0	0	0	4	0	4	0	4	1.0	6.2500000000000045e-6	0.0003333333333333336
nad5	358	C	0	235	0	5128	0	0	14	0	5363	14	5128	235	5363	0.9561812418422525	0.0	0.0
nad5	367	C	0	239	0	5492	0	0	14	0	5731	14	5492	239	5731	0.9582969813296109	0.0	0.0
nad5	378	C	0	165	0	5927	0	0	20	0	6092	20	5927	165	6092	0.9729152987524623	0.0	0.0
nad5	379	C	0	210	0	5924	0	0	19	0	6134	19	5924	210	6134	0.9657645908053473	0.0	0.0
nad5	383	C	0	337	0	5838	0	0	18	0	6175	18	5838	337	6175	0.9454251012145749	0.0	0.0
nad5	384	C	0	433	0	5803	0	0	19	0	6236	19	5803	433	6236	0.9305644644002565	0.0	0.0
nad5	388	C	0	203	0	5974	0	0	19	0	6177	19	5974	203	6177	0.9671361502347418	0.0	0.0
nad5	412	C	0	344	0	7005	0	0	18	0	7349	18	7005	344	7349	0.9531909103279358	0.0	0.0
nad5	424	C	0	203	0	7454	0	0	17	0	7657	17	7454	203	7657	0.9734883113490923	0.0	0.0
nad5	454	T	0	8832	0	239	18	0	0	0	9071	18	8832	239	9071	0.973652298533789	0.0	0.0
nad5	457	C	0	8340	0	562	0	0	16	0	8902	16	562	8340	8902	0.06313188047629746	2.428700423681191e-8	1.3053015445792737e-6
nad5	478	C	0	269	0	8150	0	0	20	0	8419	20	8150	269	8419	0.9680484618125668	0.0	0.0
nad5	482	C	0	7477	0	887	0	0	17	0	8364	17	887	7477	8364	0.10604973696795791	1.713912001047541e-94	9.663762863974478e-93
nad5	490	C	0	1260	0	5809	0	0	14	0	7069	14	5809	1260	7069	0.8217569670391852	0.0	0.0
nad5	546	C	0	130	0	7571	0	0	12	0	7701	12	7571	130	7701	0.9831190754447474	0.0	0.0
nad5	576	C	0	658	0	8065	0	0	15	0	8723	15	8065	658	8723	0.9245672360426459	0.0	0.0
nad5	1392	C	0	354	0	3398	0	0	19	0	3752	19	3398	354	3752	0.9056503198294243	0.0	0.0
nad5	1539	C	0	742	0	2259	0	0	17	0	3001	17	2259	742	3001	0.7527490836387871	0.0	0.0
nad5	1540	C	0	283	0	2721	0	0	17	0	3004	17	2721	283	3004	0.905792276964048	0.0	0.0
nad5	1544	C	0	149	0	2704	0	0	16	0	2853	16	2704	149	2853	0.9477742726954084	0.0	0.0
nad5	1552	C	0	1829	0	6393	0	0	16	0	8222	16	6393	1829	8222	0.7775480418389686	0.0	0.0
nad5	1560	C	0	151	0	8691	0	0	15	0	8842	15	8691	151	8842	0.9829224157430445	0.0	0.0
nad5	1574	C	0	6053	0	3483	0	0	16	0	9536	16	3483	6053	9536	0.3652474832214765	0.0	0.0
nad5	1575	C	0	269	0	9247	0	0	16	0	9516	16	9247	269	9516	0.9717318200924758	0.0	0.0
nad5	1584	C	0	171	0	9614	0	0	16	0	9785	16	9614	171	9785	0.9825242718446602	0.0	0.0
nad5	1591	C	0	8903	0	1249	0	0	14	0	10152	14	1249	8903	10152	0.12302994483845547	1.428568255641903e-181	8.20994561878251e-180
nad5	1616	C	0	210	0	10391	0	0	14	0	10601	14	10391	210	10601	0.9801905480615036	0.0	0.0
nad5	1676	C	0	148	0	10135	0	0	14	0	10283	14	10135	148	10283	0.9856073130409414	0.0	0.0
nad5	1682	C	0	353	0	9902	0	0	14	0	10255	14	9902	353	10255	0.9655777669429546	0.0	0.0
nad5	1689	C	0	319	0	9976	0	0	13	0	10295	13	9976	319	10295	0.9690140845070423	0.0	0.0
nad5	1701	C	0	289	0	9670	0	0	12	0	9959	12	9670	289	9959	0.970981022190983	0.0	0.0
nad5	1702	C	0	370	0	9476	0	0	12	0	9846	12	9476	370	9846	0.9624212878326224	0.0	0.0
nad5	1716	C	0	316	0	9365	0	0	12	0	9681	12	9365	316	9681	0.9673587439314121	0.0	0.0
nad5	1721	T	0	8572	0	1101	12	0	0	0	9673	12	8572	1101	9673	0.886178021296392	0.0	0.0
nad5	1727	C	0	479	0	9290	0	0	13	0	9769	13	9290	479	9769	0.9509673456853311	0.0	0.0
nad5	1730	C	0	5335	0	4395	0	0	16	0	9730	16	4395	5335	9730	0.4516957862281603	0.0	0.0
nad5	1731	C	0	412	0	9265	0	0	17	0	9677	17	9265	412	9677	0.9574248217422755	0.0	0.0
nad5	1736	C	0	484	0	8902	0	0	17	0	9386	17	8902	484	9386	0.9484338376305135	0.0	0.0
nad5	1746	C	0	422	0	8610	0	0	18	0	9032	18	8610	422	9032	0.9532772364924712	0.0	0.0
nad5	1752	C	0	148	0	9080	0	0	14	0	9228	14	9080	148	9228	0.9839618552232337	0.0	0.0
nad5	1753	C	0	7915	0	1222	0	0	15	0	9137	15	1222	7915	9137	0.13374192842289592	2.06842151366365e-207	1.1946306232591383e-205
nad5	1758	T	0	7985	0	830	16	0	0	0	8815	16	7985	830	8815	0.9058423142370958	0.0	0.0
nad5	1767	C	0	1403	0	7610	0	0	16	0	9013	16	7610	1403	9013	0.8443359591700876	0.0	0.0
nad5	1775	C	0	1444	0	7638	0	0	14	0	9082	14	7638	1444	9082	0.8410041841004184	0.0	0.0
nad5	1776	C	0	1244	0	7839	0	0	14	0	9083	14	7839	1244	9083	0.863040845535616	0.0	0.0
nad5	1777	C	0	1930	0	7202	0	0	15	0	9132	15	7202	1930	9132	0.7886552781427946	0.0	0.0
nad5	1778	C	0	1473	0	7730	0	0	15	0	9203	15	7730	1473	9203	0.8399434966858633	0.0	0.0
nad5	1787	T	0	6848	0	2203	16	0	0	0	9051	16	6848	2203	9051	0.7566014804993924	0.0	0.0
nad5	1793	T	0	6478	0	2649	16	0	0	0	9127	16	6478	2649	9127	0.7097622438917498	0.0	0.0
nad5	1824	C	0	71	0	9277	0	0	17	0	9348	17	9277	71	9348	0.9924047924689773	0.0	0.0
nad5	1832	T	0	9713	0	169	17	0	0	0	9882	17	9713	169	9882	0.9828981987451932	0.0	0.0
nad5	1845	C	0	183	0	9693	0	0	19	0	9876	19	9693	183	9876	0.9814702308626975	0.0	0.0
nad5	1846	C	0	8769	0	1168	0	0	19	0	9937	19	1168	8769	9937	0.1175405051826507	3.89857146036965e-155	2.227024309346206e-153
nad5	1851	C	0	95	0	9713	0	0	17	0	9808	17	9713	95	9808	0.9903140293637847	0.0	0.0
nad5	1871	C	0	148	0	8736	0	0	17	0	8884	17	8736	148	8884	0.9833408374606033	0.0	0.0
nad5	1881	C	0	217	0	9015	0	0	16	0	9232	16	9015	217	9232	0.9764948006932409	0.0	0.0
nad5	1882	C	0	801	0	8470	0	0	16	0	9271	16	8470	801	9271	0.9136015532305037	0.0	0.0
nad5	1884	C	0	280	0	9009	0	0	15	0	9289	15	9009	280	9289	0.9698568198944989	0.0	0.0
nad5	1901	C	0	482	0	9542	0	0	15	0	10024	15	9542	482	10024	0.9519154030327215	0.0	0.0
nad5	1908	C	0	83	0	10374	0	0	12	0	10457	12	10374	83	10457	0.9920627330974466	0.0	0.0
nad5	1916	C	0	104	0	10508	0	0	10	0	10612	10	10508	104	10612	0.9901997738409348	0.0	0.0
nad5	1965	C	0	157	0	10528	0	0	10	0	10685	10	10528	157	10685	0.9853065044454843	0.0	0.0
nad5	1991	C	0	85	0	10182	0	0	8	0	10267	8	10182	85	10267	0.9917210480179215	0.0	0.0
nad5	1998	C	0	51	0	10412	0	0	7	0	10463	7	10412	51	10463	0.9951256809710408	0.0	0.0
nad5	2001	C	0	105	0	10450	0	0	6	0	10555	6	10450	105	10555	0.9900521080056846	0.0	0.0
nad5	2002	C	0	8725	0	1938	0	0	9	0	10663	9	1938	8725	10663	0.18174997655444058	0.0	0.0
nad5	2003	C	0	404	0	10248	0	0	9	0	10652	9	10248	404	10652	0.9620728501689824	0.0	0.0
nad5	2030	T	0	10672	0	173	11	0	0	0	10845	11	10672	173	10845	0.984047948363301	0.0	0.0
nad5	2048	C	0	53	0	9664	0	0	12	0	9717	12	9664	53	9717	0.9945456416589482	0.0	0.0
nad5	2064	C	0	134	0	8589	0	0	11	0	8723	11	8589	134	8723	0.9846383125071649	0.0	0.0
nad5	2073	T	0	8857	0	93	11	0	0	0	8950	11	8857	93	8950	0.989608938547486	0.0	0.0
nad5	2096	T	0	8790	0	56	13	0	0	0	8846	13	8790	56	8846	0.9936694551209586	0.0	0.0
nad5	2109	C	0	79	0	8549	0	0	15	0	8628	15	8549	79	8628	0.9908437644877144	0.0	0.0
nad5	2163	T	0	6669	0	152	11	0	0	0	6821	11	6669	152	6821	0.9777158774373259	0.0	0.0
nad5	2189	C	0	94	0	6837	0	0	9	0	6931	9	6837	94	6931	0.9864377434713606	0.0	0.0
nad5	2193	C	0	168	0	6806	0	0	9	0	6974	9	6806	168	6974	0.9759105248064238	0.0	0.0
nad5	2202	C	0	89	0	7410	0	0	10	0	7499	10	7410	89	7499	0.9881317509001201	0.0	0.0
nad5	2211	C	0	180	0	7513	0	0	12	0	7693	12	7513	180	7693	0.976602105810477	0.0	0.0
nad5	2237	T	0	7594	0	388	11	0	0	0	7982	11	7594	388	7982	0.9513906289150589	0.0	0.0
nad5	2242	C	0	56	0	7942	0	0	10	0	7998	10	7942	56	7998	0.9929982495623906	0.0	0.0
nad5	2267	C	0	64	0	7892	0	0	13	0	7956	13	7892	64	7956	0.991955756661639	0.0	0.0
nad5	2268	T	0	7905	0	66	13	0	0	0	7971	13	7905	66	7971	0.9917199849454271	0.0	0.0
nad5	2273	C	0	67	0	7844	0	0	13	0	7911	13	7844	67	7911	0.9915307799266844	0.0	0.0
nad5	2283	C	0	134	0	8036	0	0	13	0	8170	13	8036	134	8170	0.9835985312117503	0.0	0.0
nad5	2298	C	0	74	0	8944	0	0	10	0	9018	10	8944	74	9018	0.9917941893989798	0.0	0.0
nad5	2303	C	0	70	0	8789	0	0	10	0	8859	10	8789	70	8859	0.9920984309741506	0.0	0.0
nad5	2312	C	0	177	0	7857	0	0	11	0	8034	11	7857	177	8034	0.9779686333084391	0.0	0.0
nad5	2343	C	0	744	0	8013	0	0	9	0	8757	9	8013	744	8757	0.9150393970537856	0.0	0.0
nad5	2364	T	0	9308	0	72	8	0	0	0	9380	8	9308	72	9380	0.9923240938166311	0.0	0.0
nad5	2370	C	0	95	0	9741	0	0	8	0	9836	8	9741	95	9836	0.9903416022773485	0.0	0.0
nad5	2376	C	0	82	0	9730	0	0	8	0	9812	8	9730	82	9812	0.9916428862617204	0.0	0.0
nad5	2487	C	0	250	0	10038	0	0	6	0	10288	6	10038	250	10288	0.9756998444790047	0.0	0.0
nad5	2490	T	0	10356	0	228	6	0	0	0	10584	6	10356	228	10584	0.9784580498866213	0.0	0.0
nad5	2519	C	0	231	0	9609	0	0	7	0	9840	7	9609	231	9840	0.9765243902439025	0.0	0.0
nad5	2541	C	0	139	0	8904	0	0	7	0	9043	7	8904	139	9043	0.9846289948026098	0.0	0.0
nad5	2547	C	0	206	0	8078	0	0	7	0	8284	7	8078	206	8284	0.9751327860936746	0.0	0.0
nad5	3030	C	0	251	0	1432	0	0	11	0	1683	11	1432	251	1683	0.8508615567439097	0.0	0.0
nad5	3483	C	0	101	0	8385	0	0	6	0	8486	6	8385	101	8486	0.9880980438369078	0.0	0.0
nad5	3487	C	0	181	0	8257	0	0	6	0	8438	6	8257	181	8438	0.9785494192936715	0.0	0.0
nad5	3513	C	0	176	0	8434	0	0	6	0	8610	6	8434	176	8610	0.9795586527293845	0.0	0.0
nad5	3519	C	0	76	0	8080	0	0	7	0	8156	7	8080	76	8156	0.9906817067189799	0.0	0.0
nad5	3535	C	0	122	0	8744	0	0	8	0	8866	8	8744	122	8866	0.9862395668847281	0.0	0.0
nad5	3550	C	0	230	0	9038	0	0	9	0	9268	9	9038	230	9268	0.9751834268450582	0.0	0.0
nad5	5365	C	0	1001	0	253	0	0	3	0	1254	3	253	1001	1254	0.20175438596491227	8.526856669435656e-80	4.784564902377214e-78
nad5	5563	C	0	151	0	11420	0	0	10	0	11571	10	11420	151	11571	0.9869501339555786	0.0	0.0
nad5	5575	C	0	354	0	10871	0	0	10	0	11225	10	10871	354	11225	0.9684632516703786	0.0	0.0
nad5	5599	C	0	2070	0	8000	0	0	13	0	10070	13	8000	2070	10070	0.7944389275074478	0.0	0.0
nad5	5611	C	0	84	0	10509	0	0	11	0	10593	11	10509	84	10593	0.9920702350608893	0.0	0.0
nad5	5683	C	0	62	0	11070	0	0	13	0	11132	13	11070	62	11132	0.9944304707150557	0.0	0.0
nad5	5694	C	0	159	0	11918	0	0	12	0	12077	12	11918	159	12077	0.9868344787612818	0.0	0.0
nad5	5841	T	0	9539	0	900	10	0	0	0	10439	10	9539	900	10439	0.9137848452916946	0.0	0.0
nad5	5856	T	0	9053	0	837	10	0	0	0	9890	10	9053	837	9890	0.9153690596562184	0.0	0.0
nad5	5886	C	0	259	0	1109	0	0	8	0	1368	8	1109	259	1368	0.810672514619883	0.0	0.0
nad5	5990	C	0	167	0	1860	0	0	24	0	2027	24	1860	167	2027	0.9176122348297977	0.0	0.0
nad5	6109	C	0	506	0	1984	0	0	24	0	2490	24	1984	506	2490	0.7967871485943775	0.0	0.0
nad5	6144	C	0	1162	0	1150	0	0	19	0	2312	19	1150	1162	2312	0.49740484429065746	0.0	0.0
nad5	6411	C	0	743	0	296	0	0	11	0	1039	11	296	743	1039	0.2848893166506256	2.8806298319758544e-134	1.6383680176637847e-132
nad5	6453	C	0	8819	0	1625	0	0	10	0	10444	10	1625	8819	10444	0.155591727307545	0.0	0.0
nad5	6461	C	0	19	0	8633	0	0	10	0	8652	10	8633	19	8652	0.9978039759593158	0.0	0.0
nad5	6502	T	0	5740	0	184	14	0	0	0	5924	14	5740	184	5924	0.9689399054692776	0.0	0.0
nad5	6511	C	0	178	0	5789	0	0	14	0	5967	14	5789	178	5967	0.9701692642869113	0.0	0.0
nad5	6526	C	0	221	0	5716	0	0	14	0	5937	14	5716	221	5937	0.9627758127000169	0.0	0.0
nad5	6707	C	0	182	0	290	0	0	10	0	472	10	290	182	472	0.614406779661017	8.130927738119691e-247	4.75921193321426e-245
nad5	6837	T	0	5	0	3	0	0	0	0	8	0	5	3	8	0.625	1.540488281250004e-5	0.0008203374904434273
nad6	26	C	0	20	0	54	0	0	5	0	74	5	54	20	74	0.7297297297297297	1.1949274868830336e-53	6.644280139943552e-52
nad6	174	C	0	3489	0	4199	0	0	15	0	7688	15	4199	3489	7688	0.5461758584807492	0.0	0.0
nad6	184	C	0	1041	0	7068	0	0	14	0	8109	14	7068	1041	8109	0.8716241213466519	0.0	0.0
nad6	196	C	0	65	0	8977	0	0	16	0	9042	16	8977	65	9042	0.9928113249281133	0.0	0.0
nad6	224	C	0	377	0	11036	0	0	19	0	11413	19	11036	377	11413	0.9669674932094979	0.0	0.0
nad6	244	T	0	12530	0	472	16	0	0	0	13002	16	12530	472	13002	0.9636978926319028	0.0	0.0
nad6	263	C	0	143	0	13352	0	0	18	0	13495	18	13352	143	13495	0.9894034827713968	0.0	0.0
nad6	270	C	0	12693	0	871	0	0	18	0	13564	18	871	12693	13564	0.0642140961368328	1.6984679588253174e-13	9.228077604683784e-12
nad6	271	C	0	275	0	13320	0	0	17	0	13595	17	13320	275	13595	0.9797719749908055	0.0	0.0
nad6	272	C	0	206	0	13423	0	0	18	0	13629	18	13423	206	13629	0.9848851713258493	0.0	0.0
nad6	273	C	0	210	0	13497	0	0	16	0	13707	16	13497	210	13707	0.9846793609104837	0.0	0.0
nad6	278	C	0	334	0	13505	0	0	17	0	13839	17	13505	334	13839	0.9758653081870078	0.0	0.0
nad6	279	C	0	210	0	13691	0	0	16	0	13901	16	13691	210	13901	0.9848931731530106	0.0	0.0
nad6	299	C	0	286	0	13319	0	0	16	0	13605	16	13319	286	13605	0.9789783167952959	0.0	0.0
nad6	302	C	0	281	0	13346	0	0	17	0	13627	17	13346	281	13627	0.9793791736992735	0.0	0.0
nad6	308	C	0	324	0	13085	0	0	17	0	13409	17	13085	324	13409	0.9758371243194869	0.0	0.0
nad6	314	C	0	641	0	12900	0	0	20	0	13541	20	12900	641	13541	0.9526622849124879	0.0	0.0
nad6	315	C	0	3953	0	9648	0	0	19	0	13601	19	9648	3953	13601	0.7093596059113301	0.0	0.0
nad6	323	C	0	426	0	12911	0	0	21	0	13337	21	12911	426	13337	0.9680587838344455	0.0	0.0
nad6	334	C	0	338	0	13295	0	0	21	0	13633	21	13295	338	13633	0.9752072177803859	0.0	0.0
nad6	346	C	0	152	0	13267	0	0	23	0	13419	23	13267	152	13419	0.9886727774051718	0.0	0.0
nad6	368	C	0	176	0	10340	0	0	19	0	10516	19	10340	176	10516	0.9832635983263598	0.0	0.0
nad6	370	C	0	259	0	10463	0	0	20	0	10722	20	10463	259	10722	0.9758440589442269	0.0	0.0
nad6	373	C	0	8799	0	2285	0	0	21	0	11084	21	2285	8799	11084	0.2061530133525803	0.0	0.0
nad6	374	C	0	141	0	10981	0	0	21	0	11122	21	10981	141	11122	0.987322424024456	0.0	0.0
nad6	392	C	0	616	0	11629	0	0	27	0	12245	27	11629	616	12245	0.9496937525520621	0.0	0.0
nad6	398	C	0	148	0	12386	0	0	26	0	12534	26	12386	148	12534	0.9881921174405617	0.0	0.0
nad6	435	C	0	13426	0	1810	0	0	27	0	15236	27	1810	13426	15236	0.11879758466789184	1.9019467745500696e-244	1.1113836633388774e-242
nad6	467	C	0	393	0	15563	0	0	23	0	15956	23	15563	393	15956	0.9753697668588619	0.0	0.0
nad6	468	C	0	14179	0	1836	0	0	22	0	16015	22	1836	14179	16015	0.11464252263502966	3.306326007190325e-230	1.9244843522632044e-228
nad6	473	C	0	395	0	15317	0	0	20	0	15712	20	15317	395	15712	0.9748599796334012	0.0	0.0
nad6	622	C	0	15716	0	1853	0	0	13	0	17569	13	1853	15716	17569	0.10546986168820081	1.6582332479893932e-192	9.550838464715093e-191
nad6	623	C	0	205	0	17472	0	0	12	0	17677	12	17472	205	17677	0.9884030095604458	0.0	0.0
nad6	629	C	0	114	0	18298	0	0	12	0	18412	12	18298	114	18412	0.9938083858353248	0.0	0.0
nad6	634	C	0	17399	0	1231	0	0	14	0	18630	14	1231	17399	18630	0.06607622114868492	3.7922607962888225e-22	2.0744262198756868e-20
nad6	635	C	0	206	0	18381	0	0	14	0	18587	14	18381	206	18587	0.9889169849895088	0.0	0.0
nad6	647	C	0	253	0	18338	0	0	14	0	18591	14	18338	253	18591	0.9863912645903932	0.0	0.0
nad6	653	C	0	222	0	18711	0	0	14	0	18933	14	18711	222	18933	0.988274441451434	0.0	0.0
nad6	656	C	0	181	0	18556	0	0	10	0	18737	10	18556	181	18737	0.9903399690452047	0.0	0.0
nad6	683	C	0	230	0	19044	0	0	12	0	19274	12	19044	230	19274	0.9880668257756563	0.0	0.0
nad6	759	C	0	11853	0	1713	0	0	7	0	13566	7	1713	11853	13566	0.12627156125608138	6.78473594603591e-261	3.9846498687005726e-259
nad6	821	T	0	239	0	2238	4	0	0	0	2477	4	239	2238	2477	0.09648768671780379	1.7984747986841144e-21	9.832791573339418e-20
nad6	956	T	0	4	0	0	0	0	0	0	4	0	4	0	4	1.0	6.2500000000000045e-6	0.0003333333333333336
nad7	380	C	0	820	0	4528	0	0	8	0	5348	8	4528	820	5348	0.8466716529543755	0.0	0.0
nad7	394	T	0	5232	0	1279	8	0	0	0	6511	8	5232	1279	6511	0.803563200737214	0.0	0.0
nad7	413	C	0	761	0	6352	0	0	9	0	7113	9	6352	761	7113	0.8930127934767328	0.0	0.0
nad7	418	C	0	690	0	6469	0	0	9	0	7159	9	6469	690	7159	0.9036178237183964	0.0	0.0
nad7	419	C	0	755	0	6456	0	0	9	0	7211	9	6456	755	7211	0.8952988489807239	0.0	0.0
nad7	427	T	0	6509	0	1277	9	0	0	0	7786	9	6509	1277	7786	0.8359876701772412	0.0	0.0
nad7	434	T	0	6964	0	949	8	0	0	0	7913	8	6964	949	7913	0.8800707696196133	0.0	0.0
nad7	442	T	0	6724	0	1302	9	0	0	0	8026	9	6724	1302	8026	0.8377772240219288	0.0	0.0
nad7	452	C	0	841	0	7634	0	0	8	0	8475	8	7634	841	8475	0.9007669616519174	0.0	0.0
nad7	454	T	0	6053	0	2424	8	0	0	0	8477	8	6053	2424	8477	0.714049781762416	0.0	0.0
nad7	458	C	0	1149	0	7340	0	0	7	0	8489	7	7340	1149	8489	0.8646483684768524	0.0	0.0
nad7	464	C	0	1158	0	7521	0	0	7	0	8679	7	7521	1158	8679	0.8665744901486346	0.0	0.0
nad7	470	C	0	1213	0	7728	0	0	7	0	8941	7	7728	1213	8941	0.8643328486746449	0.0	0.0
nad7	482	C	0	2444	0	7102	0	0	8	0	9546	8	7102	2444	9546	0.7439765346742091	0.0	0.0
nad7	517	T	0	8501	0	845	6	0	0	0	9346	6	8501	845	9346	0.9095869890862401	0.0	0.0
nad7	1609	T	0	7036	0	1194	1	0	0	0	8230	1	7036	1194	8230	0.8549210206561361	0.0	0.0
nad7	1621	C	0	881	0	6917	0	0	0	0	7798	0	6917	881	7798	0.8870223134136959	0.0	0.0
nad7	1625	C	0	931	0	6827	0	0	0	0	7758	0	6827	931	7758	0.879994844031967	0.0	0.0
nad7	1997	C	0	327	0	2585	0	0	4	0	2912	4	2585	327	2912	0.8877060439560439	0.0	0.0
nad7	2673	C	0	96	0	944	0	0	1	0	1040	1	944	96	1040	0.9076923076923077	0.0	0.0
nad7	2678	C	0	162	0	7446	0	0	1	0	7608	1	7446	162	7608	0.9787066246056783	0.0	0.0
nad7	2679	C	0	162	0	7554	0	0	1	0	7716	1	7554	162	7716	0.97900466562986	0.0	0.0
nad7	2685	C	0	253	0	8098	0	0	1	0	8351	1	8098	253	8351	0.969704227038678	0.0	0.0
nad7	2686	T	0	7373	0	1161	1	0	0	0	8534	1	7373	1161	8534	0.8639559409421139	0.0	0.0
nad7	2689	C	0	1303	0	7400	0	0	1	0	8703	1	7400	1303	8703	0.8502815121222567	0.0	0.0
nad7	2705	C	0	9575	0	743	0	0	1	0	10318	1	743	9575	10318	0.07201007947276604	2.7445989392354724e-22	1.502125181620336e-20
nad7	2712	C	0	375	0	8817	0	0	1	0	9192	1	8817	375	9192	0.9592036553524804	0.0	0.0
nad7	2716	C	0	429	0	8888	0	0	0	0	9317	0	8888	429	9317	0.9539551357733176	0.0	0.0
nad7	2731	C	0	770	0	8625	0	0	0	0	9395	0	8625	770	9395	0.9180415114422565	0.0	0.0
nad7	2733	C	0	741	0	8758	0	0	0	0	9499	0	8758	741	9499	0.9219917886093273	0.0	0.0
nad7	2754	T	0	9050	0	1316	0	0	0	0	10366	0	9050	1316	10366	0.8730464981670847	0.0	0.0
nad7	2769	T	0	9299	0	1306	0	0	0	0	10605	0	9299	1306	10605	0.8768505421970768	0.0	0.0
nad7	2781	C	0	530	0	10831	0	0	0	0	11361	0	10831	530	11361	0.9533491770090661	0.0	0.0
nad7	2783	C	0	462	0	11167	0	0	0	0	11629	0	11167	462	11629	0.960271734456961	0.0	0.0
nad7	2788	C	0	903	0	11116	0	0	0	0	12019	0	11116	903	12019	0.9248689574839837	0.0	0.0
nad7	2793	T	0	11624	0	1570	0	0	0	0	13194	0	11624	1570	13194	0.8810065181142944	0.0	0.0
nad7	2800	C	0	617	0	13090	0	0	0	0	13707	0	13090	617	13707	0.9549865032465163	0.0	0.0
nad7	2812	C	0	483	0	14286	0	0	0	0	14769	0	14286	483	14769	0.9672963640056876	0.0	0.0
nad7	2826	T	0	14627	0	763	0	0	0	0	15390	0	14627	763	15390	0.9504223521767381	0.0	0.0
nad7	2848	C	0	446	0	15542	0	0	1	0	15988	1	15542	446	15988	0.9721040780585439	0.0	0.0
nad7	2854	T	0	15810	0	804	1	0	0	0	16614	1	15810	804	16614	0.9516070783676418	0.0	0.0
nad7	2857	C	0	687	0	15773	0	0	1	0	16460	1	15773	687	16460	0.9582624544349939	0.0	0.0
nad7	2860	C	0	631	0	15848	0	0	1	0	16479	1	15848	631	16479	0.9617088415559196	0.0	0.0
nad7	2887	C	0	955	0	16373	0	0	1	0	17328	1	16373	955	17328	0.9448868882733149	0.0	0.0
nad7	2890	C	0	1147	0	16533	0	0	1	0	17680	1	16533	1147	17680	0.9351244343891403	0.0	0.0
nad7	2896	C	0	419	0	17243	0	0	1	0	17662	1	17243	419	17662	0.9762767523496773	0.0	0.0
nad7	2897	C	0	10586	0	7180	0	0	1	0	17766	1	7180	10586	17766	0.4041427445682765	0.0	0.0
nad7	2940	T	0	16048	0	797	1	0	0	0	16845	1	16048	797	16845	0.9526862570495696	0.0	0.0
nad7	2958	T	0	13567	0	1687	1	0	0	0	15254	1	13567	1687	15254	0.88940605742756	0.0	0.0
nad7	2989	C	0	1067	0	13546	0	0	0	0	14613	0	13546	1067	14613	0.9269828235133101	0.0	0.0
nad7	2994	C	0	802	0	14037	0	0	0	0	14839	0	14037	802	14839	0.9459532313498215	0.0	0.0
nad7	2995	C	0	13584	0	1282	0	0	0	0	14866	0	1282	13584	14866	0.08623705098883358	2.367737067393881e-76	1.3264405833850548e-74
nad7	3006	T	0	11041	0	1623	0	0	0	0	12664	0	11041	1623	12664	0.8718414403032217	0.0	0.0
nad7	3018	T	0	12365	0	917	0	0	0	0	13282	0	12365	917	13282	0.9309591928926366	0.0	0.0
nad7	3026	C	0	558	0	13382	0	0	0	0	13940	0	13382	558	13940	0.9599713055954089	0.0	0.0
nad7	3031	C	0	946	0	13460	0	0	0	0	14406	0	13460	946	14406	0.9343329168402055	0.0	0.0
nad7	3040	C	0	1057	0	13948	0	0	0	0	15005	0	13948	1057	15005	0.9295568143952015	0.0	0.0
nad7	3043	C	0	772	0	14770	0	0	0	0	15542	0	14770	772	15542	0.9503281430961267	0.0	0.0
nad7	3047	C	0	14292	0	1010	0	0	0	0	15302	0	1010	14292	15302	0.06600444386354724	2.2393837880486897e-18	1.2211420572825004e-16
nad7	3060	C	0	739	0	14757	0	0	0	0	15496	0	14757	739	15496	0.9523102736189984	0.0	0.0
nad7	3066	T	0	14687	0	1042	0	0	0	0	15729	0	14687	1042	15729	0.9337529404285079	0.0	0.0
nad7	3099	T	0	14661	0	1894	0	0	0	0	16555	0	14661	1894	16555	0.8855934762911507	0.0	0.0
nad7	3102	T	0	14647	0	2021	0	0	0	0	16668	0	14647	2021	16668	0.8787497000239981	0.0	0.0
nad7	3114	C	0	2324	0	14690	0	0	0	0	17014	0	14690	2324	17014	0.8634066063242036	0.0	0.0
nad7	4013	C	0	920	0	210	0	0	5	0	1130	5	210	920	1130	0.18584070796460178	3.2694022172932413e-60	1.8227702436648765e-58
nad7	4214	C	0	1452	0	14972	0	0	8	0	16424	8	14972	1452	16424	0.9115927910375061	0.0	0.0
nad7	4231	C	0	520	0	16353	0	0	14	0	16873	14	16353	520	16873	0.969181532626089	0.0	0.0
nad7	4240	C	0	763	0	16244	0	0	14	0	17007	14	16244	763	17007	0.9551361204210032	0.0	0.0
nad7	4246	T	0	15699	0	1023	14	0	0	0	16722	14	15699	1023	16722	0.9388231072838177	0.0	0.0
nad7	4250	C	0	853	0	16488	0	0	13	0	17341	13	16488	853	17341	0.9508102185571766	0.0	0.0
nad7	4256	C	0	833	0	16320	0	0	14	0	17153	14	16320	833	17153	0.9514370664023786	0.0	0.0
nad7	4300	C	0	849	0	16594	0	0	11	0	17443	11	16594	849	17443	0.9513271799575761	0.0	0.0
nad7	4305	C	0	15253	0	2381	0	0	12	0	17634	12	2381	15253	17634	0.135023250538732	0.0	0.0
nad7	4319	C	0	1230	0	16222	0	0	12	0	17452	12	16222	1230	17452	0.9295209718083888	0.0	0.0
nad7	4321	T	0	16577	0	1025	12	0	0	0	17602	12	16577	1025	17602	0.9417679809112601	0.0	0.0
nad7	4333	T	0	16552	0	1398	12	0	0	0	17950	12	16552	1398	17950	0.9221169916434541	0.0	0.0
nad7	4341	C	0	916	0	17678	0	0	13	0	18594	13	17678	916	18594	0.9507367968161773	0.0	0.0
nad7	4348	C	0	1160	0	18150	0	0	11	0	19310	11	18150	1160	19310	0.939927498705334	0.0	0.0
nad7	4357	T	0	19949	0	1179	9	0	0	0	21128	9	19949	1179	21128	0.9441972737599394	0.0	0.0
nad7	4397	C	0	808	0	21516	0	0	10	0	22324	10	21516	808	22324	0.9638057695753449	0.0	0.0
nad7	4411	T	0	21744	0	1439	9	0	0	0	23183	9	21744	1439	23183	0.9379286546176078	0.0	0.0
nad7	4417	T	0	21719	0	1181	13	0	0	0	22900	13	21719	1181	22900	0.9484279475982533	0.0	0.0
nad7	4442	C	0	650	0	22869	0	0	15	0	23519	15	22869	650	23519	0.9723627705259578	0.0	0.0
nad7	4460	C	0	843	0	20869	0	0	19	0	21712	19	20869	843	21712	0.9611735445836403	0.0	0.0
nad7	4489	C	0	868	0	21773	0	0	27	0	22641	27	21773	868	22641	0.961662470738925	0.0	0.0
nad7	4496	T	0	21758	0	1453	26	0	0	0	23211	26	21758	1453	23211	0.9374003705139804	0.0	0.0
nad7	4498	C	0	1334	0	21813	0	0	27	0	23147	27	21813	1334	23147	0.9423683414697369	0.0	0.0
nad7	4508	C	0	1313	0	21042	0	0	28	0	22355	28	21042	1313	22355	0.9412659360322075	0.0	0.0
nad7	4541	C	0	1093	0	21193	0	0	27	0	22286	27	21193	1093	22286	0.9509557569774747	0.0	0.0
nad7	4580	C	0	1498	0	20016	0	0	21	0	21514	21	20016	1498	21514	0.9303709212605745	0.0	0.0
nad7	4599	C	0	6704	0	12695	0	0	13	0	19399	13	12695	6704	19399	0.6544151760400021	0.0	0.0
nad7	4600	T	0	17905	0	1401	12	0	0	0	19306	12	17905	1401	19306	0.9274318864601678	0.0	0.0
nad7	4622	C	0	1614	0	15578	0	0	12	0	17192	12	15578	1614	17192	0.9061191251744998	0.0	0.0
nad7	4625	T	0	15473	0	1498	12	0	0	0	16971	12	15473	1498	16971	0.9117317777384951	0.0	0.0
nad7	4640	C	0	1989	0	14188	0	0	10	0	16177	10	14188	1989	16177	0.8770476602583915	0.0	0.0
nad7	4661	C	0	1660	0	11474	0	0	9	0	13134	9	11474	1660	13134	0.873610476625552	0.0	0.0
nad7	4669	T	0	9365	0	1242	9	0	0	0	10607	9	9365	1242	10607	0.8829075139059112	0.0	0.0
nad7	4676	C	0	1000	0	9541	0	0	8	0	10541	8	9541	1000	10541	0.9051323403851627	0.0	0.0
nad7	4677	C	0	944	0	9588	0	0	8	0	10532	8	9588	944	10532	0.9103684010634258	0.0	0.0
nad7	4682	C	0	1185	0	9296	0	0	8	0	10481	8	9296	1185	10481	0.8869382692491175	0.0	0.0
nad7	4691	C	0	1647	0	7612	0	0	7	0	9259	7	7612	1647	9259	0.8221190193325413	0.0	0.0
nad7	4699	C	0	1209	0	6691	0	0	6	0	7900	6	6691	1209	7900	0.8469620253164557	0.0	0.0
nad7	4705	T	0	2517	0	5040	5	0	0	0	7557	5	2517	5040	7557	0.333068678046844	0.0	0.0
nad9	1578	C	0	5846	0	6222	0	0	2	0	12068	2	6222	5846	12068	0.5155783891282731	0.0	0.0
nad9	1628	C	0	930	0	16268	0	0	4	0	17198	4	16268	930	17198	0.9459239446447262	0.0	0.0
nad9	1647	C	0	3100	0	15800	0	0	4	0	18900	4	15800	3100	18900	0.8359788359788359	0.0	0.0
nad9	1670	C	0	845	0	20333	0	0	5	0	21178	5	20333	845	21178	0.9601001038813863	0.0	0.0
nad9	1701	C	0	778	0	20145	0	0	6	0	20923	6	20145	778	20923	0.9628160397648521	0.0	0.0
nad9	1710	C	0	865	0	19352	0	0	6	0	20217	6	19352	865	20217	0.9572142256516792	0.0	0.0
nad9	1723	C	0	17301	0	3748	0	0	6	0	21049	6	3748	17301	21049	0.17806071547341917	0.0	0.0
nad9	1733	C	0	2289	0	18543	0	0	6	0	20832	6	18543	2289	20832	0.8901209677419355	0.0	0.0
nad9	1735	C	0	6910	0	14314	0	0	7	0	21224	7	14314	6910	21224	0.6744251790425932	0.0	0.0
nad9	1742	C	0	16608	0	5321	0	0	7	0	21929	7	5321	16608	21929	0.24264672351680422	0.0	0.0
nad9	1743	C	0	717	0	21268	0	0	7	0	21985	7	21268	717	21985	0.9673868546736412	0.0	0.0
nad9	1754	C	0	714	0	21651	0	0	7	0	22365	7	21651	714	22365	0.968075117370892	0.0	0.0
nad9	1788	C	0	1161	0	22305	0	0	8	0	23466	8	22305	1161	23466	0.9505241626182562	0.0	0.0
nad9	1799	C	0	525	0	22860	0	0	9	0	23385	9	22860	525	23385	0.9775497113534317	0.0	0.0
nad9	1806	C	0	855	0	22742	0	0	7	0	23597	7	22742	855	23597	0.9637665804975208	0.0	0.0
nad9	1809	C	0	912	0	22116	0	0	6	0	23028	6	22116	912	23028	0.9603960396039604	0.0	0.0
nad9	1829	T	0	20957	0	1227	6	0	0	0	22184	6	20957	1227	22184	0.9446898665705012	0.0	0.0
nad9	1865	T	0	22135	0	594	8	0	0	0	22729	8	22135	594	22729	0.9738659861850499	0.0	0.0
nad9	1869	C	0	1551	0	20723	0	0	8	0	22274	8	20723	1551	22274	0.9303672443207327	0.0	0.0
nad9	1882	C	0	20757	0	1205	0	0	9	0	21962	9	1205	20757	21962	0.05486749840633822	0.0005762312228761738	0.030360382332880805
nad9	1890	C	0	1069	0	22130	0	0	9	0	23199	9	22130	1069	23199	0.9539204276046381	0.0	0.0
nad9	1904	C	0	812	0	20661	0	0	8	0	21473	8	20661	812	21473	0.9621850696223164	0.0	0.0
nad9	1929	C	0	1197	0	17663	0	0	9	0	18860	9	17663	1197	18860	0.9365323435843054	0.0	0.0
nad9	1940	C	0	440	0	19890	0	0	9	0	20330	9	19890	440	20330	0.9783571077225774	0.0	0.0
nad9	1944	C	0	508	0	20279	0	0	9	0	20787	9	20279	508	20787	0.9755616491076153	0.0	0.0
nad9	1945	C	0	18770	0	2354	0	0	9	0	21124	9	2354	18770	21124	0.11143722779776558	6.901888047085598e-277	4.069465367717287e-275
nad9	1948	C	0	19356	0	1698	0	0	9	0	21054	9	1698	19356	21054	0.08064975776574522	3.312103486666274e-79	1.8564837569039284e-77
nad9	1952	T	0	19524	0	1492	9	0	0	0	21016	9	19524	1492	21016	0.9290064712599924	0.0	0.0
nad9	1962	C	0	1081	0	21212	0	0	9	0	22293	9	21212	1081	22293	0.9515094424258735	0.0	0.0
nad9	1971	C	0	694	0	21913	0	0	9	0	22607	9	21913	694	22607	0.9693015437696288	0.0	0.0
nad9	1974	C	0	638	0	22482	0	0	9	0	23120	9	22482	638	23120	0.9724048442906574	0.0	0.0
nad9	2000	T	0	20933	0	751	7	0	0	0	21684	7	20933	751	21684	0.9653661686035787	0.0	0.0
nad9	2045	C	0	273	0	24090	0	0	10	0	24363	10	24090	273	24363	0.9887944834380002	0.0	0.0
nad9	2109	C	0	652	0	26285	0	0	6	0	26937	6	26285	652	26937	0.9757953743921001	0.0	0.0
nad9	2381	T	0	527	0	1645	1	0	0	0	2172	1	527	1645	2172	0.24263351749539594	5.793853192796532e-202	3.34258300156478e-200
nad9	2399	T	0	100	0	869	1	0	0	0	969	1	100	869	969	0.10319917440660474	1.4499426855203178e-11	7.85329247191098e-10
nad9	2406	T	0	14	0	31	1	0	0	0	45	1	14	31	45	0.3111111111111111	2.327162626707247e-8	1.2513739127039278e-6
rpl2	93	C	0	1017	0	486	0	0	2	0	1503	2	486	1017	1503	0.32335329341317365	1.8026511030141584e-246	1.0545408020320229e-244
rpl2	256	C	0	352	0	2981	0	0	5	0	3333	5	2981	352	3333	0.8943894389438944	0.0	0.0
rpl2	305	C	0	162	0	3039	0	0	6	0	3201	6	3039	162	3201	0.9493908153701968	0.0	0.0
rpl2	315	C	0	212	0	3025	0	0	6	0	3237	6	3025	212	3237	0.9345072598084646	0.0	0.0
rpl2	360	T	0	2431	0	333	3	0	0	0	2764	3	2431	333	2764	0.8795224312590448	0.0	0.0
rpl2	366	T	0	2395	0	335	4	0	0	0	2730	4	2395	335	2730	0.8772893772893773	0.0	0.0
rpl2	369	T	0	2186	0	548	4	0	0	0	2734	4	2186	548	2734	0.7995610826627652	0.0	0.0
rpl2	387	T	0	1932	0	697	4	0	0	0	2629	4	1932	697	2629	0.7348801825789274	0.0	0.0
rpl2	433	T	0	1879	0	76	2	0	0	0	1955	2	1879	76	1955	0.9611253196930947	0.0	0.0
rpl2	438	T	0	1835	0	101	2	0	0	0	1936	2	1835	101	1936	0.9478305785123967	0.0	0.0
rpl2	445	T	0	1751	0	179	2	0	0	0	1930	2	1751	179	1930	0.9072538860103627	0.0	0.0
rpl2	457	C	0	92	0	1746	0	0	2	0	1838	2	1746	92	1838	0.9499455930359086	0.0	0.0
rpl2	462	T	0	1585	0	256	2	0	0	0	1841	2	1585	256	1841	0.8609451385116784	0.0	0.0
rpl2	579	C	0	100	0	883	0	0	1	0	983	1	883	100	983	0.8982706002034588	0.0	0.0
rpl2	582	T	0	798	0	164	1	0	0	0	962	1	798	164	962	0.8295218295218295	0.0	0.0
rpl2	587	C	0	508	0	475	0	0	1	0	983	1	475	508	983	0.4832146490335707	0.0	0.0
rpl2	602	C	0	312	0	592	0	0	1	0	904	1	592	312	904	0.6548672566371682	0.0	0.0
rpl2	685	C	0	65	0	133	0	0	2	0	198	2	133	65	198	0.6717171717171717	5.426940949764609e-122	3.078212760213932e-120
rpl2	863	C	0	164	0	361	0	0	3	0	525	3	361	164	525	0.6876190476190476	0.0	0.0
rpl2	1197	C	0	94	0	427	0	0	2	0	521	2	427	94	521	0.8195777351247601	0.0	0.0
rpl2	1420	C	0	204	0	29	0	0	2	0	233	2	29	204	233	0.12446351931330472	6.772102481203796e-6	0.0003609945241000881
rpl2	1424	C	0	188	0	79	0	0	2	0	267	2	79	188	267	0.2958801498127341	1.7374234806695852e-38	9.599471457448877e-37
rpl2	1439	T	0	265	0	128	3	0	0	0	393	3	265	128	393	0.6743002544529262	5.402575722227288e-242	3.1516533303088055e-240
rpl2	1442	T	0	344	0	123	3	0	0	0	467	3	344	123	467	0.7366167023554604	0.0	0.0
rpl2	1464	C	0	46	0	676	0	0	2	0	722	2	676	46	722	0.9362880886426593	0.0	0.0
rpl2	1520	T	0	1281	0	100	3	0	0	0	1381	3	1281	100	1381	0.9275887038377987	0.0	0.0
rpl2	1626	C	0	68	0	1503	0	0	3	0	1571	3	1503	68	1571	0.9567154678548695	0.0	0.0
rpl2	1640	T	0	1540	0	120	6	0	0	0	1660	6	1540	120	1660	0.927710843373494	0.0	0.0
rpl2	1655	C	0	56	0	1449	0	0	6	0	1505	6	1449	56	1505	0.9627906976744186	0.0	0.0
rpl2	1665	C	0	69	0	1394	0	0	6	0	1463	6	1394	69	1463	0.9528366370471634	0.0	0.0
rpl2	1701	C	0	52	0	1283	0	0	6	0	1335	6	1283	52	1335	0.9610486891385768	0.0	0.0
rpl2	1702	C	0	50	0	1289	0	0	6	0	1339	6	1289	50	1339	0.9626587005227782	0.0	0.0
rpl2	1718	T	0	1222	0	56	4	0	0	0	1278	4	1222	56	1278	0.9561815336463224	0.0	0.0
rpl2	1731	C	0	75	0	1145	0	0	5	0	1220	5	1145	75	1220	0.9385245901639344	0.0	0.0
rpl2	1736	T	0	1144	0	115	5	0	0	0	1259	5	1144	115	1259	0.9086576648133439	0.0	0.0
rpl2	1743	T	0	1196	0	58	5	0	0	0	1254	5	1196	58	1254	0.9537480063795853	0.0	0.0
rpl2	1761	C	0	50	0	1197	0	0	3	0	1247	3	1197	50	1247	0.9599037690457097	0.0	0.0
rpl2	1781	T	0	1170	0	111	3	0	0	0	1281	3	1170	111	1281	0.9133489461358314	0.0	0.0
rpl2	1791	C	0	49	0	1276	0	0	3	0	1325	3	1276	49	1325	0.9630188679245283	0.0	0.0
rpl2	1797	C	0	60	0	1164	0	0	3	0	1224	3	1164	60	1224	0.9509803921568627	0.0	0.0
rpl2	1800	T	0	1182	0	43	3	0	0	0	1225	3	1182	43	1225	0.9648979591836735	0.0	0.0
rpl2	1803	T	0	1290	0	47	3	0	0	0	1337	3	1290	47	1337	0.9648466716529543	0.0	0.0
rpl2	1817	C	0	79	0	1231	0	0	3	0	1310	3	1231	79	1310	0.9396946564885497	0.0	0.0
rpl2	1829	T	0	1294	0	111	3	0	0	0	1405	3	1294	111	1405	0.9209964412811388	0.0	0.0
rpl2	1931	T	0	1781	0	77	0	0	0	0	1858	0	1781	77	1858	0.9585575888051668	0.0	0.0
rpl2	1942	C	0	56	0	1842	0	0	3	0	1898	3	1842	56	1898	0.9704952581664911	0.0	0.0
rpl2	1950	T	0	1883	0	54	3	0	0	0	1937	3	1883	54	1937	0.9721218378936499	0.0	0.0
rpl2	1958	T	0	1867	0	50	4	0	0	0	1917	4	1867	50	1917	0.9739175795513824	0.0	0.0
rpl2	1961	T	0	1832	0	83	4	0	0	0	1915	4	1832	83	1915	0.9566579634464752	0.0	0.0
rpl2	1964	T	0	1835	0	105	4	0	0	0	1940	4	1835	105	1940	0.9458762886597938	0.0	0.0
rpl2	2081	T	0	1296	0	140	3	0	0	0	1436	3	1296	140	1436	0.9025069637883009	0.0	0.0
rpl2	2121	C	0	10	0	1095	0	0	2	0	1105	2	1095	10	1105	0.9909502262443439	0.0	0.0
rpl2	2153	C	0	6	0	526	0	0	1	0	532	1	526	6	532	0.9887218045112782	0.0	0.0
rpl2	2159	T	0	499	0	6	2	0	0	0	505	2	499	6	505	0.9881188118811881	0.0	0.0
rpl2	2175	C	0	7	0	489	0	0	2	0	496	2	489	7	496	0.9858870967741935	0.0	0.0
rpl2	2201	T	0	255	0	4	0	0	0	0	259	0	255	4	259	0.9845559845559846	5.0e-324	2.9e-322
rpl2	2212	C	0	179	0	37	0	0	0	0	216	0	37	179	216	0.1712962962962963	6.474371597875498e-11	3.4958260700053336e-9
rpl5	310	C	0	253	0	5191	0	0	0	0	5444	0	5191	253	5444	0.9535268185157972	0.0	0.0
rpl5	314	C	0	1343	0	4498	0	0	0	0	5841	0	4498	1343	5841	0.7700736175312447	0.0	0.0
rpl5	357	T	0	5096	0	353	0	0	0	0	5449	0	5096	353	5449	0.9352174710956139	0.0	0.0
rpl5	367	C	0	1835	0	3980	0	0	0	0	5815	0	3980	1835	5815	0.6844368013757524	0.0	0.0
rpl5	370	C	0	490	0	5450	0	0	0	0	5940	0	5450	490	5940	0.9175084175084175	0.0	0.0
rpl5	376	C	0	304	0	5846	0	0	0	0	6150	0	5846	304	6150	0.9505691056910569	0.0	0.0
rpl5	394	C	0	594	0	6373	0	0	0	0	6967	0	6373	594	6967	0.9147409214870101	0.0	0.0
rpl5	403	T	0	7805	0	401	0	0	0	0	8206	0	7805	401	8206	0.9511333170850597	0.0	0.0
rpl5	418	C	0	623	0	7599	0	0	0	0	8222	0	7599	623	8222	0.9242276818292386	0.0	0.0
rpl5	419	C	0	941	0	7324	0	0	0	0	8265	0	7324	941	8265	0.8861464004839685	0.0	0.0
rpl5	472	C	0	702	0	9738	0	0	0	0	10440	0	9738	702	10440	0.9327586206896552	0.0	0.0
rpl5	481	C	0	349	0	10690	0	0	1	0	11039	1	10690	349	11039	0.9683848174653501	0.0	0.0
rpl5	483	C	0	435	0	10721	0	0	1	0	11156	1	10721	435	11156	0.9610075295804948	0.0	0.0
rpl5	489	T	0	10571	0	607	1	0	0	0	11178	1	10571	607	11178	0.9456969046341027	0.0	0.0
rpl5	495	C	0	755	0	10763	0	0	1	0	11518	1	10763	755	11518	0.93445042542108	0.0	0.0
rpl5	507	T	0	10577	0	952	1	0	0	0	11529	1	10577	952	11529	0.9174256223436551	0.0	0.0
rpl5	537	T	0	9625	0	1385	1	0	0	0	11010	1	9625	1385	11010	0.8742052679382379	0.0	0.0
rpl5	558	C	0	9237	0	1135	0	0	1	0	10372	1	1135	9237	10372	0.10942923254917085	2.5181343144824243e-129	1.4306398758951805e-127
rpl5	564	T	0	9653	0	576	1	0	0	0	10229	1	9653	576	10229	0.9436895102160524	0.0	0.0
rpl5	585	T	0	10426	0	723	1	0	0	0	11149	1	10426	723	11149	0.9351511346309086	0.0	0.0
rpl5	594	C	0	252	0	10925	0	0	1	0	11177	1	10925	252	11177	0.9774536995615997	0.0	0.0
rpl5	603	T	0	9401	0	2063	1	0	0	0	11464	1	9401	2063	11464	0.8200453593859037	0.0	0.0
rpl5	613	C	0	333	0	11424	0	0	1	0	11757	1	11424	333	11757	0.9716764480734882	0.0	0.0
rpl5	615	T	0	10435	0	1436	1	0	0	0	11871	1	10435	1436	11871	0.8790329374104962	0.0	0.0
rpl5	628	C	0	423	0	10331	0	0	2	0	10754	2	10331	423	10754	0.9606657987725498	0.0	0.0
rpl5	636	C	0	374	0	10230	0	0	2	0	10604	2	10230	374	10604	0.9647302904564315	0.0	0.0
rpl5	650	C	0	9865	0	1133	0	0	3	0	10998	3	1133	9865	10998	0.10301873067830515	4.980818603466121e-112	2.819046195504552e-110
rpl5	669	T	0	11103	0	553	4	0	0	0	11656	4	11103	553	11656	0.9525566231983528	0.0	0.0
rpl5	687	T	0	11136	0	760	4	0	0	0	11896	4	11136	760	11896	0.9361129791526563	0.0	0.0
rpl5	691	T	0	828	0	11496	4	0	0	0	12324	4	828	11496	12324	0.06718597857838364	4.249585752667756e-17	2.3161018228415606e-15
rpl5	736	C	0	332	0	11899	0	0	6	0	12231	6	11899	332	12231	0.9728558580655711	0.0	0.0
rpl5	744	C	0	558	0	12205	0	0	6	0	12763	6	12205	558	12763	0.956279871503565	0.0	0.0
rpl5	750	T	0	11562	0	1610	6	0	0	0	13172	6	11562	1610	13172	0.8777710294564227	0.0	0.0
rpl5	772	C	0	188	0	13479	0	0	6	0	13667	6	13479	188	13667	0.9862442379454159	0.0	0.0
rpl5	774	C	0	205	0	13528	0	0	6	0	13733	6	13528	205	13733	0.9850724532148839	0.0	0.0
rpl5	775	C	0	493	0	13297	0	0	6	0	13790	6	13297	493	13790	0.9642494561276287	0.0	0.0
rpl5	786	T	0	12753	0	814	6	0	0	0	13567	6	12753	814	13567	0.9400014741652539	0.0	0.0
rpl5	844	C	0	664	0	12698	0	0	4	0	13362	4	12698	664	13362	0.9503068402933692	0.0	0.0
rpl5	896	C	0	10235	0	3223	0	0	8	0	13458	8	3223	10235	13458	0.23948580769802347	0.0	0.0
rpl5	971	C	0	8527	0	2693	0	0	7	0	11220	7	2693	8527	11220	0.24001782531194296	0.0	0.0
rpl5	1090	T	0	71	0	655	6	0	0	0	726	6	71	655	726	0.09779614325068871	9.405280804976093e-8	5.0444750436545286e-6
rpl6	151	T	0	5821	0	1300	72	0	0	0	7121	72	5821	1300	7121	0.8174413705940177	0.0	0.0
rpl6	164	C	0	1031	0	6524	0	0	69	0	7555	69	6524	1031	7555	0.8635340833884845	0.0	0.0
rpl6	167	C	0	635	0	7043	0	0	69	0	7678	69	7043	635	7678	0.9172961708778328	0.0	0.0
rpl6	169	T	0	7068	0	694	67	0	0	0	7762	67	7068	694	7762	0.9105900541097656	0.0	0.0
rpl6	173	C	0	637	0	7260	0	0	65	0	7897	65	7260	637	7897	0.9193364568823604	0.0	0.0
rpl6	183	C	0	6672	0	1833	0	0	61	0	8505	61	1833	6672	8505	0.21552028218694885	0.0	0.0
rpl6	188	T	0	8374	0	907	68	0	0	0	9281	68	8374	907	9281	0.902273461911432	0.0	0.0
rpl6	202	T	0	9369	0	596	81	0	0	0	9965	81	9369	596	9965	0.9401906673356749	0.0	0.0
rpl6	215	C	0	790	0	9615	0	0	87	0	10405	87	9615	790	10405	0.9240749639596348	0.0	0.0
rpl6	221	C	0	970	0	9845	0	0	84	0	10815	84	9845	970	10815	0.9103097549699491	0.0	0.0
rpl6	247	T	0	11038	0	604	88	0	0	0	11642	88	11038	604	11642	0.94811887991754	0.0	0.0
rpl6	258	C	0	9293	0	1102	0	0	85	0	10395	85	1102	9293	10395	0.10601250601250602	8.751916199921695e-117	4.95878635882765e-115
rpl6	280	C	0	651	0	10022	0	0	80	0	10673	80	10022	651	10673	0.9390049658015553	0.0	0.0
rpl6	284	C	0	316	0	10266	0	0	81	0	10582	81	10266	316	10582	0.9701379701379701	0.0	0.0
rpl6	299	C	0	333	0	10363	0	0	84	0	10696	84	10363	333	10696	0.9688668661181751	0.0	0.0
rpl6	301	C	0	213	0	10584	0	0	81	0	10797	81	10584	213	10797	0.9802722978605168	0.0	0.0
rpl6	304	C	0	433	0	10406	0	0	94	0	10839	94	10406	433	10839	0.9600516652827752	0.0	0.0
rpl6	309	C	0	7473	0	3326	0	0	98	0	10799	98	3326	7473	10799	0.30799148069265675	0.0	0.0
rpl6	322	T	0	10414	0	461	94	0	0	0	10875	94	10414	461	10875	0.9576091954022988	0.0	0.0
rpl6	334	T	0	10452	0	343	89	0	0	0	10795	89	10452	343	10795	0.9682260305697082	0.0	0.0
rpl6	338	C	0	722	0	10058	0	0	90	0	10780	90	10058	722	10780	0.9330241187384044	0.0	0.0
rpl6	339	C	0	1108	0	9667	0	0	86	0	10775	86	9667	1108	10775	0.897169373549884	0.0	0.0
rpl6	344	T	0	9456	0	1167	79	0	0	0	10623	79	9456	1167	10623	0.8901440271109856	0.0	0.0
rpl6	400	T	0	6188	0	319	70	0	0	0	6507	70	6188	319	6507	0.9509758721376979	0.0	0.0
rpl6	430	G	0	0	5051	0	0	29	0	27	5051	56	27	29	56	0.48214285714285715	1.3145246946239898e-20	7.183134942171258e-19
rpl6	439	C	0	68	0	4802	0	0	53	0	4870	53	4802	68	4870	0.9860369609856263	0.0	0.0
rpl6	446	C	0	76	0	4354	0	0	51	0	4430	51	4354	76	4430	0.982844243792325	0.0	0.0
rpl6	458	C	0	35	0	3529	0	0	32	0	3564	32	3529	35	3564	0.9901795735129069	0.0	0.0
rpl6	470	C	0	32	0	2641	0	0	23	0	2673	23	2641	32	2673	0.988028432472877	0.0	0.0
rpl6	484	T	0	2532	0	27	21	0	0	0	2559	21	2532	27	2559	0.9894490035169988	0.0	0.0
rpl6	500	C	0	40	0	1200	0	0	15	0	1240	15	1200	40	1240	0.967741935483871	0.0	0.0
rpl6	504	C	0	230	0	932	0	0	13	0	1162	13	932	230	1162	0.802065404475043	0.0	0.0
rpl6	505	T	0	1093	0	75	13	0	0	0	1168	13	1093	75	1168	0.9357876712328768	0.0	0.0
rpl6	550	T	0	26	0	2	0	0	0	0	28	0	26	2	28	0.9285714285714286	5.103312432765956e-32	2.8062846472388793e-30
rpl16	6	C	0	0	0	50	0	0	0	0	50	0	50	0	50	1.0	8.881784197001452e-66	4.9650551787196985e-64
rpl16	12	T	0	186	0	4	1	0	0	0	190	1	186	4	190	0.9789473684210527	4.373286353644751e-235	2.5469395664927736e-233
rpl16	16	C	0	4	0	258	0	0	1	0	262	1	258	4	262	0.9847328244274809	0.0	0.0
rpl16	36	T	0	623	0	14	1	0	0	0	637	1	623	14	637	0.978021978021978	0.0	0.0
rpl16	79	C	0	14	0	1290	0	0	1	0	1304	1	1290	14	1304	0.9892638036809815	0.0	0.0
rpl16	81	C	0	17	0	1327	0	0	1	0	1344	1	1327	17	1344	0.9873511904761905	0.0	0.0
rpl16	133	C	0	75	0	3119	0	0	2	0	3194	2	3119	75	3194	0.9765184721352536	0.0	0.0
rpl16	153	C	0	45	0	3900	0	0	2	0	3945	2	3900	45	3945	0.9885931558935361	0.0	0.0
rpl16	189	C	0	179	0	4497	0	0	2	0	4676	2	4497	179	4676	0.9617194183062446	0.0	0.0
rpl16	226	T	0	5613	0	144	2	0	0	0	5757	2	5613	144	5757	0.9749869723814487	0.0	0.0
rpl16	235	T	0	5769	0	311	2	0	0	0	6080	2	5769	311	6080	0.9488486842105263	0.0	0.0
rpl16	258	C	0	6353	0	619	0	0	4	0	6972	4	619	6353	6972	0.08878370625358577	1.6132541058802703e-41	8.922858072121263e-40
rpl16	274	T	0	7089	0	206	3	0	0	0	7295	3	7089	206	7295	0.9717614804660727	0.0	0.0
rpl16	326	T	0	8545	0	117	3	0	0	0	8662	3	8545	117	8662	0.9864927268529208	0.0	0.0
rpl16	331	T	0	8614	0	156	3	0	0	0	8770	3	8614	156	8770	0.982212086659065	0.0	0.0
rpl16	359	C	0	105	0	9496	0	0	3	0	9601	3	9496	105	9601	0.9890636392042496	0.0	0.0
rpl16	373	T	0	9180	0	194	3	0	0	0	9374	3	9180	194	9374	0.9793044591423085	0.0	0.0
rpl16	385	T	0	9362	0	260	2	0	0	0	9622	2	9362	260	9622	0.972978590729578	0.0	0.0
rpl16	499	T	0	8617	0	104	9	0	0	0	8721	9	8617	104	8721	0.9880747620685701	0.0	0.0
rpl16	506	C	0	129	0	8424	0	0	8	0	8553	8	8424	129	8553	0.9849175727814802	0.0	0.0
rpl16	509	C	0	156	0	8425	0	0	8	0	8581	8	8425	156	8581	0.9818203006642583	0.0	0.0
rpl16	510	C	0	349	0	8265	0	0	8	0	8614	8	8265	349	8614	0.9594845600185744	0.0	0.0
rpl16	515	C	0	174	0	8337	0	0	8	0	8511	8	8337	174	8511	0.9795558688755728	0.0	0.0
rpl16	541	T	0	6119	0	157	7	0	0	0	6276	7	6119	157	6276	0.9749840662842575	0.0	0.0
rpl16	572	C	0	90	0	5737	0	0	6	0	5827	6	5737	90	5827	0.9845546593444311	0.0	0.0
rpl16	574	C	0	302	0	5502	0	0	6	0	5804	6	5502	302	5804	0.9479669193659546	0.0	0.0
rpl16	590	C	0	106	0	5043	0	0	5	0	5149	5	5043	106	5149	0.9794134783453098	0.0	0.0
rps1	14	T	0	506	0	49	2	0	0	0	555	2	506	49	555	0.9117117117117117	0.0	0.0
rps1	33	C	0	25	0	1178	0	0	3	0	1203	3	1178	25	1203	0.9792186201163757	0.0	0.0
rps1	35	T	0	1175	0	78	2	0	0	0	1253	2	1175	78	1253	0.9377494014365523	0.0	0.0
rps1	175	C	0	6202	0	1569	0	0	13	0	7771	13	1569	6202	7771	0.2019045167932055	0.0	0.0
rps1	205	C	0	6799	0	868	0	0	9	0	7667	9	868	6799	7667	0.11321246902308595	4.276759089964753e-107	2.4179425850623233e-105
rps1	213	C	0	269	0	7853	0	0	7	0	8122	7	7853	269	8122	0.9668800787983255	0.0	0.0
rps1	239	C	0	145	0	8706	0	0	11	0	8851	11	8706	145	8851	0.9836176703197379	0.0	0.0
rps1	290	T	0	8638	0	351	15	0	0	0	8989	15	8638	351	8989	0.9609522750027811	0.0	0.0
rps1	317	C	0	186	0	7927	0	0	16	0	8113	16	7927	186	8113	0.9770738321212868	0.0	0.0
rps1	327	C	0	98	0	8010	0	0	14	0	8108	14	8010	98	8108	0.987913172175629	0.0	0.0
rps1	377	C	0	72	0	6784	0	0	20	0	6856	20	6784	72	6856	0.9894982497082847	0.0	0.0
rps1	399	C	0	94	0	6316	0	0	20	0	6410	20	6316	94	6410	0.9853354134165366	0.0	0.0
rps1	402	T	0	6066	0	321	20	0	0	0	6387	20	6066	321	6387	0.949741662752466	0.0	0.0
rps1	405	C	0	95	0	6215	0	0	21	0	6310	21	6215	95	6310	0.9849445324881141	0.0	0.0
rps1	415	C	0	2406	0	2643	0	0	22	0	5049	22	2643	2406	5049	0.5234699940582294	0.0	0.0
rps1	423	C	0	101	0	4706	0	0	20	0	4807	20	4706	101	4807	0.9789889744123154	0.0	0.0
rps1	426	C	0	346	0	4462	0	0	21	0	4808	21	4462	346	4808	0.9280366056572379	0.0	0.0
rps1	428	T	0	4551	0	278	18	0	0	0	4829	18	4551	278	4829	0.9424311451646303	0.0	0.0
rps1	438	C	0	342	0	4545	0	0	20	0	4887	20	4545	342	4887	0.9300184162062615	0.0	0.0
rps1	439	C	0	121	0	4811	0	0	18	0	4932	18	4811	121	4932	0.9754663422546634	0.0	0.0
rps1	467	C	0	136	0	5564	0	0	17	0	5700	17	5564	136	5700	0.976140350877193	0.0	0.0
rps1	508	C	0	760	0	5158	0	0	15	0	5918	15	5158	760	5918	0.8715782358905035	0.0	0.0
rps1	509	C	0	251	0	5701	0	0	16	0	5952	16	5701	251	5952	0.9578293010752689	0.0	0.0
rps1	523	C	0	1391	0	4915	0	0	13	0	6306	13	4915	1391	6306	0.7794164287979702	0.0	0.0
rps1	560	C	0	629	0	5955	0	0	16	0	6584	16	5955	629	6584	0.9044653705953828	0.0	0.0
rps1	600	C	0	140	0	5878	0	0	12	0	6018	12	5878	140	6018	0.9767364572947823	0.0	0.0
rps1	601	C	0	381	0	5701	0	0	13	0	6082	13	5701	381	6082	0.9373561328510358	0.0	0.0
rps1	608	C	0	500	0	5672	0	0	13	0	6172	13	5672	500	6172	0.9189889825016202	0.0	0.0
rps1	609	C	0	137	0	6057	0	0	12	0	6194	12	6057	137	6194	0.9778818211172102	0.0	0.0
rps1	615	C	0	147	0	5894	0	0	10	0	6041	10	5894	147	6041	0.9756662804171495	0.0	0.0
rps1	639	C	0	112	0	5642	0	0	11	0	5754	11	5642	112	5754	0.9805352798053528	0.0	0.0
rps1	780	C	0	332	0	655	0	0	4	0	987	4	655	332	987	0.6636271529888551	0.0	0.0
rps1	787	C	0	338	0	430	0	0	3	0	768	3	430	338	768	0.5598958333333334	0.0	0.0
rps1	790	T	0	696	0	44	3	0	0	0	740	3	696	44	740	0.9405405405405406	0.0	0.0
rps1	799	T	0	342	0	11	3	0	0	0	353	3	342	11	353	0.9688385269121813	0.0	0.0
rps1	805	T	0	280	0	8	2	0	0	0	288	2	280	8	288	0.9722222222222222	0.0	0.0
rps2	103	C	0	972	0	2616	0	0	44	0	3588	44	2616	972	3588	0.7290969899665551	0.0	0.0
rps2	153	C	0	392	0	4300	0	0	59	0	4692	59	4300	392	4692	0.9164535379369139	0.0	0.0
rps2	172	C	0	1219	0	3826	0	0	60	0	5045	60	3826	1219	5045	0.7583746283448959	0.0	0.0
rps2	280	C	0	62	0	5402	0	0	76	0	5464	76	5402	62	5464	0.9886530014641288	0.0	0.0
rps2	298	C	0	145	0	5698	0	0	71	0	5843	71	5698	145	5843	0.9751839808317645	0.0	0.0
rps2	306	T	0	5269	0	607	70	0	0	0	5876	70	5269	607	5876	0.8966984343090538	0.0	0.0
rps2	388	C	0	91	0	6116	0	0	85	0	6207	85	6116	91	6207	0.9853391332366683	0.0	0.0
rps2	448	C	0	165	0	7030	0	0	97	0	7195	97	7030	165	7195	0.9770674079221682	0.0	0.0
rps2	451	C	0	94	0	7225	0	0	96	0	7319	96	7225	94	7319	0.9871567153982784	0.0	0.0
rps2	513	T	0	6260	0	306	94	0	0	0	6566	94	6260	306	6566	0.953396283886689	0.0	0.0
rps2	519	C	0	412	0	6271	0	0	98	0	6683	98	6271	412	6683	0.9383510399521173	0.0	0.0
rps2	654	C	0	5565	0	1025	0	0	101	0	6590	101	1025	5565	6590	0.15553869499241274	5.0523980474104105e-223	2.934266525811227e-221
rps2	666	T	0	6584	0	248	105	0	0	0	6832	105	6584	248	6832	0.9637002341920374	0.0	0.0
rps2	686	C	0	285	0	6716	0	0	104	0	7001	104	6716	285	7001	0.9592915297814598	0.0	0.0
rps2	691	C	0	82	0	7097	0	0	99	0	7179	99	7097	82	7179	0.9885777963504666	0.0	0.0
rps2	709	T	0	4313	0	1502	96	0	0	0	5815	96	4313	1502	5815	0.7417024935511608	0.0	0.0
rps2	732	T	0	6166	0	127	88	0	0	0	6293	88	6166	127	6293	0.9798188463372001	0.0	0.0
rps2	736	C	0	1081	0	5330	0	0	87	0	6411	87	5330	1081	6411	0.8313835595070972	0.0	0.0
rps2	738	T	0	6466	0	146	84	0	0	0	6612	84	6466	146	6612	0.9779189352692075	0.0	0.0
rps2	745	T	0	6519	0	287	79	0	0	0	6806	79	6519	287	6806	0.9578313253012049	0.0	0.0
rps2	751	C	0	440	0	6572	0	0	76	0	7012	76	6572	440	7012	0.9372504278379921	0.0	0.0
rps2	754	T	0	6734	0	246	74	0	0	0	6980	74	6734	246	6980	0.9647564469914041	0.0	0.0
rps2	844	C	0	84	0	8076	0	0	109	0	8160	109	8076	84	8160	0.9897058823529412	0.0	0.0
rps2	849	C	0	54	0	8244	0	0	107	0	8298	107	8244	54	8298	0.9934924078091106	0.0	0.0
rps2	852	T	0	7617	0	575	100	0	0	0	8192	100	7617	575	8192	0.9298095703125	0.0	0.0
rps2	898	C	0	166	0	7539	0	0	106	0	7705	106	7539	166	7705	0.9784555483452304	0.0	0.0
rps2	899	C	0	167	0	7643	0	0	107	0	7810	107	7643	167	7810	0.9786171574903969	0.0	0.0
rps2	930	C	0	494	0	6725	0	0	110	0	7219	110	6725	494	7219	0.9315694694556033	0.0	0.0
rps2	953	C	0	2018	0	5188	0	0	118	0	7206	118	5188	2018	7206	0.7199555925617541	0.0	0.0
rps2	956	C	0	6470	0	730	0	0	135	0	7200	135	730	6470	7200	0.10138888888888889	3.996315777023928e-70	2.2363956742552757e-68
rps2	982	C	0	6830	0	943	0	0	171	0	7773	171	943	6830	7773	0.1213173806767014	6.582485805631889e-134	3.741774303440804e-132
rps2	986	C	0	3238	0	4533	0	0	176	0	7771	176	4533	3238	7771	0.583322609702741	0.0	0.0
rps2	1002	C	0	4237	0	3602	0	0	174	0	7839	174	3602	4237	7839	0.4594973848705192	0.0	0.0
rps2	1006	C	0	6314	0	1513	0	0	179	0	7827	179	1513	6314	7827	0.19330522550146928	0.0	0.0
rps2	1013	C	0	3779	0	3728	0	0	188	0	7507	188	3728	3779	7507	0.4966031703743173	0.0	0.0
rps2	1023	C	0	6685	0	1059	0	0	196	0	7744	196	1059	6685	7744	0.13675103305785125	3.688264628707557e-187	2.123139881032317e-185
rps2	1053	C	0	3675	0	3314	0	0	229	0	6989	229	3314	3675	6989	0.47417370153097727	0.0	0.0
rps2	1118	C	0	6522	0	847	0	0	330	0	7369	330	847	6522	7369	0.11494096892387026	5.6795506542211726e-108	3.212774511927602e-106
rps2	1538	C	0	5002	0	653	0	0	611	0	5655	611	653	5002	5655	0.11547303271441202	1.5691230051983563e-84	8.818825797908782e-83
rps3	22	T	0	234	0	8	0	0	0	0	242	0	234	8	242	0.9669421487603306	6.24848457644741e-291	3.6904560121380743e-289
rps3	33	C	0	206	0	70	0	0	0	0	276	0	70	206	276	0.2536231884057971	1.0700042059880675e-29	5.877709749822991e-28
rps3	104	T	0	715	0	28	1	0	0	0	743	1	715	28	743	0.9623149394347241	0.0	0.0
rps3	106	T	0	722	0	37	1	0	0	0	759	1	722	37	759	0.9512516469038208	0.0	0.0
rps3	164	C	0	49	0	1196	0	0	1	0	1245	1	1196	49	1245	0.9606425702811245	0.0	0.0
rps3	202	C	0	82	0	1563	0	0	1	0	1645	1	1563	82	1645	0.9501519756838905	0.0	0.0
rps3	226	C	0	66	0	1687	0	0	2	0	1753	2	1687	66	1753	0.9623502567027952	0.0	0.0
rps3	391	C	0	104	0	770	0	0	5	0	874	5	770	104	874	0.8810068649885584	0.0	0.0
rps3	875	C	0	199	0	627	0	0	6	0	826	6	627	199	826	0.7590799031476998	0.0	0.0
rps3	1001	C	0	747	0	202	0	0	3	0	949	3	202	747	949	0.21285563751317177	3.3036585731247065e-68	1.8477850520346325e-66
rps3	1183	C	0	587	0	61	0	0	0	0	648	0	61	587	648	0.0941358024691358	2.441667440388346e-6	0.00013055548319947511
rps3	1350	C	0	76	0	720	0	0	4	0	796	4	720	76	796	0.9045226130653267	0.0	0.0
rps3	1480	C	0	43	0	261	0	0	5	0	304	5	261	43	304	0.8585526315789473	1.2727336869600736e-288	7.512724045965452e-287
rps3	1485	C	0	37	0	1727	0	0	5	0	1764	5	1727	37	1764	0.9790249433106576	0.0	0.0
rps3	1502	C	0	127	0	1982	0	0	5	0	2109	5	1982	127	2109	0.9397818871503082	0.0	0.0
rps3	1510	T	0	2072	0	165	5	0	0	0	2237	5	2072	165	2237	0.9262405006705409	0.0	0.0
rps3	1523	C	0	317	0	2062	0	0	5	0	2379	5	2062	317	2379	0.8667507356031946	0.0	0.0
rps3	1531	C	0	62	0	2442	0	0	7	0	2504	7	2442	62	2504	0.9752396166134185	0.0	0.0
rps3	1535	C	0	77	0	2404	0	0	6	0	2481	6	2404	77	2481	0.9689641273679968	0.0	0.0
rps3	1536	C	0	1740	0	747	0	0	7	0	2487	7	747	1740	2487	0.30036188178528345	0.0	0.0
rps3	1666	C	0	96	0	2851	0	0	2	0	2947	2	2851	96	2947	0.9674244994910078	0.0	0.0
rps3	1718	C	0	129	0	2877	0	0	1	0	3006	1	2877	129	3006	0.9570858283433133	0.0	0.0
rps3	1723	T	0	2780	0	273	2	0	0	0	3053	2	2780	273	3053	0.9105797576154602	0.0	0.0
rps3	1745	C	0	81	0	2447	0	0	3	0	2528	3	2447	81	2528	0.9679588607594937	0.0	0.0
rps3	1746	C	0	1501	0	1052	0	0	3	0	2553	3	1052	1501	2553	0.4120642381511947	0.0	0.0
rps3	1753	T	0	2026	0	302	3	0	0	0	2328	3	2026	302	2328	0.8702749140893471	0.0	0.0
rps3	1756	T	0	2022	0	257	3	0	0	0	2279	3	2022	257	2279	0.8872312417727073	0.0	0.0
rps3	1759	T	0	2024	0	277	2	0	0	0	2301	2	2024	277	2301	0.8796175575836592	0.0	0.0
rps3	1762	T	0	1944	0	357	2	0	0	0	2301	2	1944	357	2301	0.8448500651890483	0.0	0.0
rps3	1765	T	0	1848	0	445	2	0	0	0	2293	2	1848	445	2293	0.8059310946358482	0.0	0.0
rps3	1768	T	0	1789	0	493	2	0	0	0	2282	2	1789	493	2282	0.7839614373356705	0.0	0.0
rps3	1771	T	0	1759	0	500	2	0	0	0	2259	2	1759	500	2259	0.7786631252766711	0.0	0.0
rps3	1774	T	0	1347	0	900	2	0	0	0	2247	2	1347	900	2247	0.5994659546061415	0.0	0.0
rps3	1775	C	0	496	0	1739	0	0	2	0	2235	2	1739	496	2235	0.778076062639821	0.0	0.0
rps3	2262	C	0	46	0	1111	0	0	2	0	1157	2	1111	46	1157	0.9602420051858254	0.0	0.0
rps3	2263	C	0	42	0	1128	0	0	3	0	1170	3	1128	42	1170	0.9641025641025641	0.0	0.0
rps3	2363	C	0	93	0	1307	0	0	6	0	1400	6	1307	93	1400	0.9335714285714286	0.0	0.0
rps3	2706	C	0	40	0	208	0	0	3	0	248	3	208	40	248	0.8387096774193549	8.330778012289521e-226	4.843626526010067e-224
rps3	2736	T	0	2264	0	65	4	0	0	0	2329	4	2264	65	2329	0.9720910261914985	0.0	0.0
rps3	2847	C	0	102	0	3222	0	0	8	0	3324	8	3222	102	3324	0.9693140794223827	0.0	0.0
rps3	2868	T	0	3762	0	149	8	0	0	0	3911	8	3762	149	3911	0.9619023267706469	0.0	0.0
rps3	2890	C	0	86	0	3809	0	0	9	0	3895	9	3809	86	3895	0.9779204107830552	0.0	0.0
rps3	2902	C	0	119	0	4303	0	0	9	0	4422	9	4303	119	4422	0.9730890999547716	0.0	0.0
rps3	3039	C	0	95	0	4807	0	0	3	0	4902	3	4807	95	4902	0.9806201550387597	0.0	0.0
rps3	3058	C	0	80	0	5127	0	0	3	0	5207	3	5127	80	5207	0.9846360668331092	0.0	0.0
rps3	3072	C	0	146	0	4751	0	0	4	0	4897	4	4751	146	4897	0.9701858280579947	0.0	0.0
rps3	3090	T	0	4904	0	99	4	0	0	0	5003	4	4904	99	5003	0.9802118728762742	0.0	0.0
rps3	3093	C	0	68	0	4871	0	0	5	0	4939	5	4871	68	4939	0.9862320307754606	0.0	0.0
rps3	3124	C	0	84	0	5091	0	0	4	0	5175	4	5091	84	5175	0.983768115942029	0.0	0.0
rps3	3145	C	0	225	0	4722	0	0	4	0	4947	4	4722	225	4947	0.9545178896300789	0.0	0.0
rps3	3169	C	0	60	0	5094	0	0	3	0	5154	3	5094	60	5154	0.9883585564610011	0.0	0.0
rps3	3212	C	0	4082	0	612	0	0	6	0	4694	6	612	4082	4694	0.1303792074989348	2.5713568179897485e-100	1.4514065928880006e-98
rps3	3216	C	0	63	0	4585	0	0	5	0	4648	5	4585	63	4648	0.9864457831325302	0.0	0.0
rps3	3219	C	0	77	0	4650	0	0	6	0	4727	6	4650	77	4727	0.9837105986883858	0.0	0.0
rps3	3225	C	0	80	0	4617	0	0	8	0	4697	8	4617	80	4697	0.9829678518203109	0.0	0.0
rps3	3243	C	0	96	0	4672	0	0	12	0	4768	12	4672	96	4768	0.9798657718120806	0.0	0.0
rps3	3258	T	0	4660	0	110	11	0	0	0	4770	11	4660	110	4770	0.9769392033542977	0.0	0.0
rps3	3268	C	0	242	0	4547	0	0	12	0	4789	12	4547	242	4789	0.9494675297556902	0.0	0.0
rps3	3299	C	0	2731	0	1776	0	0	11	0	4507	11	1776	2731	4507	0.3940536942533836	0.0	0.0
rps3	3324	C	0	65	0	4286	0	0	10	0	4351	10	4286	65	4351	0.9850609055389565	0.0	0.0
rps3	3327	T	0	4314	0	85	10	0	0	0	4399	10	4314	85	4399	0.9806774266878836	0.0	0.0
rps3	3337	T	0	4573	0	109	10	0	0	0	4682	10	4573	109	4682	0.976719350704827	0.0	0.0
rps3	3340	C	0	91	0	4684	0	0	10	0	4775	10	4684	91	4775	0.9809424083769633	0.0	0.0
rps3	3348	T	0	4713	0	138	16	0	0	0	4851	16	4713	138	4851	0.9715522572665429	0.0	0.0
rps3	3358	C	0	97	0	4863	0	0	14	0	4960	14	4863	97	4960	0.9804435483870968	0.0	0.0
rps3	3360	C	0	176	0	4831	0	0	14	0	5007	14	4831	176	5007	0.9648492111044538	0.0	0.0
rps3	3367	C	0	106	0	4105	0	0	13	0	4211	13	4105	106	4211	0.9748278318689148	0.0	0.0
rps3	3385	C	0	88	0	4502	0	0	14	0	4590	14	4502	88	4590	0.9808278867102397	0.0	0.0
rps3	3390	T	0	4518	0	125	14	0	0	0	4643	14	4518	125	4643	0.9730777514538014	0.0	0.0
rps3	3409	C	0	139	0	4583	0	0	10	0	4722	10	4583	139	4722	0.970563320626853	0.0	0.0
rps3	3411	T	0	4745	0	72	10	0	0	0	4817	10	4745	72	4817	0.9850529375129748	0.0	0.0
rps3	3414	T	0	4982	0	174	10	0	0	0	5156	10	4982	174	5156	0.9662529092319627	0.0	0.0
rps3	3459	C	0	98	0	5813	0	0	8	0	5911	8	5813	98	5911	0.983420740991372	0.0	0.0
rps3	3465	T	0	5759	0	90	8	0	0	0	5849	8	5759	90	5849	0.9846127543169773	0.0	0.0
rps3	3469	C	0	62	0	5836	0	0	8	0	5898	8	5836	62	5898	0.9894879620210241	0.0	0.0
rps3	3489	T	0	4817	0	104	7	0	0	0	4921	7	4817	104	4921	0.978866084129242	0.0	0.0
rps3	3532	C	0	62	0	4608	0	0	6	0	4670	6	4608	62	4670	0.9867237687366167	0.0	0.0
rps3	3534	C	0	58	0	4645	0	0	6	0	4703	6	4645	58	4703	0.9876674463108654	0.0	0.0
rps3	3551	C	0	4660	0	315	0	0	3	0	4975	3	315	4660	4975	0.06331658291457286	1.8505686714875194e-5	0.0009839563093995726
rps3	3586	C	0	152	0	4732	0	0	0	0	4884	0	4732	152	4884	0.9688779688779688	0.0	0.0
rps3	3606	C	0	63	0	4236	0	0	0	0	4299	0	4236	63	4299	0.9853454291695743	0.0	0.0
rps3	3642	C	0	200	0	3902	0	0	0	0	4102	0	3902	200	4102	0.9512432959531936	0.0	0.0
rps3	3679	T	0	3887	0	94	0	0	0	0	3981	0	3887	94	3981	0.9763878422506908	0.0	0.0
rps3	3688	T	0	3797	0	183	0	0	0	0	3980	0	3797	183	3980	0.9540201005025125	0.0	0.0
rps3	3711	C	0	3254	0	305	0	0	0	0	3559	0	305	3254	3559	0.08569822983984265	3.0798054152877795e-19	1.6811811378749594e-17
rps3	3727	T	0	2641	0	64	0	0	0	0	2705	0	2641	64	2705	0.9763401109057301	0.0	0.0
rps3	3738	C	0	2482	0	185	0	0	0	0	2667	0	185	2482	2667	0.06936632920884889	7.845639161312375e-6	0.00041800733277609224
rps3	3779	T	0	1326	0	14	0	0	0	0	1340	0	1326	14	1340	0.9895522388059701	0.0	0.0
rps3	3784	T	0	1319	0	18	0	0	0	0	1337	0	1319	18	1337	0.9865370231862378	0.0	0.0
rps3	3812	C	0	4	0	797	0	0	0	0	801	0	797	4	801	0.9950062421972534	0.0	0.0
rps4	10	C	0	10	0	6	0	0	1	0	16	1	6	10	16	0.375	8.089953308743047e-5	0.004288373017237309
rps4	12	C	0	8	0	7	0	0	1	0	15	1	7	8	15	0.4666666666666667	3.518199896734711e-6	0.00018782908799736464
rps4	45	T	0	10	0	30	4	0	0	0	40	4	10	30	40	0.25	2.0683305412185283e-5	0.0010991819681918202
rps4	49	C	0	30	0	9	0	0	5	0	39	5	9	30	39	0.23076923076923078	0.00010507967629816203	0.0055644828077202075
rps4	303	C	0	181	0	1304	0	0	13	0	1485	13	1304	181	1485	0.8781144781144781	0.0	0.0
rps4	362	C	0	112	0	5824	0	0	19	0	5936	19	5824	112	5936	0.9811320754716981	0.0	0.0
rps4	368	T	0	4843	0	1089	19	0	0	0	5932	19	4843	1089	5932	0.8164194200944033	0.0	0.0
rps4	386	C	0	62	0	6976	0	0	20	0	7038	20	6976	62	7038	0.9911906791702189	0.0	0.0
rps4	425	C	0	184	0	7851	0	0	15	0	8035	15	7851	184	8035	0.9771001866832607	0.0	0.0
rps4	476	T	0	8708	0	212	18	0	0	0	8920	18	8708	212	8920	0.9762331838565023	0.0	0.0
rps4	505	C	0	6071	0	2990	0	0	13	0	9061	13	2990	6071	9061	0.3299856527977044	0.0	0.0
rps4	566	T	0	8103	0	463	14	0	0	0	8566	14	8103	463	8566	0.9459491010973616	0.0	0.0
rps4	586	C	0	7948	0	751	0	0	14	0	8699	14	751	7948	8699	0.08633176227152546	9.928761910493776e-46	5.500302462398673e-44
rps4	594	C	0	49	0	8604	0	0	14	0	8653	14	8604	49	8653	0.9943372240841327	0.0	0.0
rps4	605	T	0	7864	0	272	17	0	0	0	8136	17	7864	272	8136	0.9665683382497542	0.0	0.0
rps4	612	C	0	252	0	7870	0	0	16	0	8122	16	7870	252	8122	0.9689731593203644	0.0	0.0
rps4	616	C	0	7348	0	725	0	0	15	0	8073	15	725	7348	8073	0.08980552458813329	5.299132597016148e-50	2.940272829188779e-48
rps4	620	C	0	338	0	7338	0	0	16	0	7676	16	7338	338	7676	0.9559666492965087	0.0	0.0
rps4	650	T	0	7244	0	878	12	0	0	0	8122	12	7244	878	8122	0.8918985471558729	0.0	0.0
rps4	776	T	0	5806	0	123	10	0	0	0	5929	10	5806	123	5929	0.9792545117220441	0.0	0.0
rps4	827	C	0	6310	0	395	0	0	17	0	6705	17	395	6310	6705	0.05891126025354213	0.0005937945932953241	0.03126998946950377
rps4	858	C	0	123	0	6593	0	0	20	0	6716	20	6593	123	6716	0.981685527099464	0.0	0.0
rps4	1137	C	0	40	0	6604	0	0	9	0	6644	9	6604	40	6644	0.9939795304033715	0.0	0.0
rps4	1144	C	0	5672	0	642	0	0	9	0	6314	9	642	5672	6314	0.10167880899588216	2.3532072345805054e-62	1.3126700046394619e-60
rps4	1159	C	0	5824	0	1211	0	0	9	0	7035	9	1211	5824	7035	0.17213930348258707	1.2823878765604494e-304	7.591154976942536e-303
rps4	1197	C	0	79	0	7695	0	0	12	0	7774	12	7695	79	7774	0.9898379212760484	0.0	0.0
rps4	2616	A	0	0	0	0	0	17	0	0	0	17	17	0	17	1.0	7.629394531250042e-23	4.177773273715956e-21
rps7	833	G	0	0	0	0	0	138	0	595	0	733	595	138	733	0.8117326057298773	0.0	0.0
rps7	841	G	0	0	0	0	0	58	0	674	0	732	674	58	732	0.9207650273224044	0.0	0.0
rps7	848	A	0	0	0	0	0	443	0	319	0	762	443	319	762	0.5813648293963255	0.0	0.0
rps7	860	G	0	0	1	0	0	281	0	864	1	1145	864	281	1145	0.754585152838428	0.0	0.0
rps7	861	G	0	0	1	0	0	333	0	811	1	1144	811	333	1144	0.708916083916084	0.0	0.0
rps7	863	G	0	0	1	0	0	248	0	892	1	1140	892	248	1140	0.7824561403508772	0.0	0.0
rps7	882	G	0	0	1	0	0	127	0	1611	1	1738	1611	127	1738	0.92692750287687	0.0	0.0
rps7	887	G	0	0	1	0	0	282	0	1531	1	1813	1531	282	1813	0.8444567015995588	0.0	0.0
rps7	888	G	0	0	1	0	0	246	0	1558	1	1804	1558	246	1804	0.8636363636363636	0.0	0.0
rps7	908	G	0	0	1	0	0	170	0	1819	1	1989	1819	170	1989	0.9145299145299145	0.0	0.0
rps7	933	A	1	0	0	0	0	1682	0	637	1	2319	1682	637	2319	0.7253126347563605	0.0	0.0
rps7	944	G	0	0	1	0	0	398	0	1992	1	2390	1992	398	2390	0.8334728033472804	0.0	0.0
rps7	947	G	0	0	1	0	0	346	0	1992	1	2338	1992	346	2338	0.8520102651839179	0.0	0.0
rps7	962	A	1	0	0	0	0	2168	0	273	1	2441	2168	273	2441	0.8881605899221631	0.0	0.0
rps7	978	A	1	0	0	0	0	2144	0	227	1	2371	2144	227	2371	0.9042598059890342	0.0	0.0
rps7	982	G	0	0	1	0	0	102	0	2218	1	2320	2218	102	2320	0.9560344827586207	0.0	0.0
rps7	1007	G	0	0	1	0	0	91	0	1902	1	1993	1902	91	1993	0.9543401906673357	0.0	0.0
rps7	1013	G	0	0	1	0	0	76	0	1848	1	1924	1848	76	1924	0.9604989604989606	0.0	0.0
rps7	1028	G	0	0	1	0	0	54	0	1597	1	1651	1597	54	1651	0.9672925499697154	0.0	0.0
rps7	1038	A	1	0	0	0	0	1490	0	65	1	1555	1490	65	1555	0.9581993569131833	0.0	0.0
rps7	1042	G	0	0	1	0	0	280	0	1099	1	1379	1099	280	1379	0.7969543147208121	0.0	0.0
rps7	1088	G	0	0	23	0	0	85	0	233	23	318	233	85	318	0.7327044025157232	7.168907494197137e-227	4.170420128027377e-225
rps7	1090	T	0	22	0	1	70	0	0	0	23	70	22	1	23	0.9565217391304348	5.221366882324232e-28	2.865170230384641e-26
rps7	1142	T	0	4711	0	326	74	0	0	0	5037	74	4711	326	5037	0.9352789358745285	0.0	0.0
rps7	1149	C	0	125	0	5419	0	0	78	0	5544	78	5419	125	5544	0.9774531024531025	0.0	0.0
rps7	1167	C	0	2641	0	4368	0	0	105	0	7009	105	4368	2641	7009	0.6231987444713939	0.0	0.0
rps7	1194	C	0	39	0	9695	0	0	128	0	9734	128	9695	39	9734	0.9959934251078694	0.0	0.0
rps7	1229	C	0	69	0	12007	0	0	149	0	12076	149	12007	69	12076	0.9942861874792978	0.0	0.0
rps7	1298	T	0	14797	0	91	159	0	0	0	14888	159	14797	91	14888	0.9938876947877485	0.0	0.0
rps7	1313	T	0	14804	0	114	153	0	0	0	14918	153	14804	114	14918	0.9923582249631318	0.0	0.0
rps7	1319	C	0	229	0	14925	0	0	158	0	15154	158	14925	229	15154	0.9848884782895605	0.0	0.0
rps7	1343	T	0	14128	0	601	145	0	0	0	14729	145	14128	601	14729	0.9591961436621631	0.0	0.0
rps7	1367	T	0	15403	0	98	140	0	0	0	15501	140	15403	98	15501	0.9936778272369524	0.0	0.0
rps7	1379	T	0	14787	0	155	144	0	0	0	14942	144	14787	155	14942	0.9896265560165975	0.0	0.0
rps7	1386	C	0	216	0	15177	0	0	135	0	15393	135	15177	216	15393	0.9859676476320406	0.0	0.0
rps7	1401	C	0	89	0	14931	0	0	143	0	15020	143	14931	89	15020	0.994074567243675	0.0	0.0
rps7	1458	C	0	42	0	10004	0	0	152	0	10046	152	10004	42	10046	0.9958192315349392	0.0	0.0
rps7	1480	C	0	8615	0	540	0	0	156	0	9155	156	540	8615	9155	0.05898416166029492	6.558281035716085e-5	0.0034817540783110596
rps7	1484	T	0	8670	0	258	153	0	0	0	8928	153	8670	258	8928	0.9711021505376344	0.0	0.0
rps7	1496	C	0	173	0	7787	0	0	159	0	7960	159	7787	173	7960	0.9782663316582915	0.0	0.0
rps7	1504	C	0	4024	0	2404	0	0	157	0	6428	157	2404	4024	6428	0.37398879900435594	0.0	0.0
rps10	130	C	0	128	0	2760	0	0	2	0	2888	2	2760	128	2888	0.9556786703601108	0.0	0.0
rps10	162	C	0	94	0	3274	0	0	1	0	3368	1	3274	94	3368	0.9720902612826603	0.0	0.0
rps10	172	C	0	127	0	3369	0	0	1	0	3496	1	3369	127	3496	0.9636727688787186	0.0	0.0
rps10	178	C	0	696	0	2916	0	0	1	0	3612	1	2916	696	3612	0.8073089700996677	0.0	0.0
rps10	187	C	0	117	0	3576	0	0	1	0	3693	1	3576	117	3693	0.9683184402924452	0.0	0.0
rps10	222	T	0	3635	0	71	2	0	0	0	3706	2	3635	71	3706	0.980841878035618	0.0	0.0
rps10	229	C	0	119	0	3751	0	0	2	0	3870	2	3751	119	3870	0.969250645994832	0.0	0.0
rps10	243	T	0	3412	0	100	2	0	0	0	3512	2	3412	100	3512	0.9715261958997722	0.0	0.0
rps10	247	T	0	3413	0	77	2	0	0	0	3490	2	3413	77	3490	0.9779369627507163	0.0	0.0
rps10	250	T	0	3433	0	120	2	0	0	0	3553	2	3433	120	3553	0.9662257247396566	0.0	0.0
rps10	276	T	0	3334	0	164	2	0	0	0	3498	2	3334	164	3498	0.9531160663236135	0.0	0.0
rps10	280	C	0	55	0	3504	0	0	2	0	3559	2	3504	55	3559	0.9845462208485529	0.0	0.0
rps10	281	C	0	2873	0	704	0	0	2	0	3577	2	704	2873	3577	0.19681297176404808	7.113664473623884e-212	4.1153691262692326e-210
rps10	300	T	0	3345	0	198	3	0	0	0	3543	3	3345	198	3543	0.9441151566469094	0.0	0.0
rps10	307	C	0	130	0	3394	0	0	3	0	3524	3	3394	130	3524	0.9631101021566402	0.0	0.0
rps10	346	C	0	75	0	3755	0	0	3	0	3830	3	3755	75	3830	0.9804177545691906	0.0	0.0
rps10	351	C	0	161	0	3688	0	0	3	0	3849	3	3688	161	3849	0.9581709534944142	0.0	0.0
rps10	381	T	0	3516	0	123	2	0	0	0	3639	2	3516	123	3639	0.966199505358615	0.0	0.0
rps10	385	C	0	236	0	3517	0	0	2	0	3753	2	3517	236	3753	0.9371169730881961	0.0	0.0
rps10	427	T	0	974	0	2994	2	0	0	0	3968	2	974	2994	3968	0.24546370967741934	0.0	0.0
rps10	504	C	0	1281	0	2050	0	0	1	0	3331	1	2050	1281	3331	0.6154308015610928	0.0	0.0
rps10	524	C	0	2265	0	530	0	0	1	0	2795	1	530	2265	2795	0.18962432915921287	8.594643362601454e-153	4.904250893089022e-151
rps10	635	T	0	16	0	41	0	0	0	0	57	0	16	41	57	0.2807017543859649	1.2335097016321343e-8	6.639726616513415e-7
rps11	7	T	0	169	0	2	4	0	0	0	171	4	169	2	171	0.9883040935672515	1.7541304677997774e-216	1.0153548547131344e-214
rps11	79	T	0	1561	0	30	6	0	0	0	1591	6	1561	30	1591	0.9811439346323068	0.0	0.0
rps11	90	C	0	382	0	1279	0	0	7	0	1661	7	1279	382	1661	0.7700180614087899	0.0	0.0
rps11	94	T	0	1643	0	108	7	0	0	0	1751	7	1643	108	1751	0.9383209594517419	0.0	0.0
rps11	108	C	0	55	0	1984	0	0	13	0	2039	13	1984	55	2039	0.9730259931338892	0.0	0.0
rps11	112	C	0	81	0	1995	0	0	17	0	2076	17	1995	81	2076	0.9609826589595376	0.0	0.0
rps11	127	T	0	2702	0	48	25	0	0	0	2750	25	2702	48	2750	0.9825454545454545	0.0	0.0
rps11	145	T	0	2997	0	238	26	0	0	0	3235	26	2997	238	3235	0.9264296754250386	0.0	0.0
rps11	151	T	0	3229	0	194	26	0	0	0	3423	26	3229	194	3423	0.9433245690914402	0.0	0.0
rps11	157	T	0	3294	0	236	25	0	0	0	3530	25	3294	236	3530	0.9331444759206798	0.0	0.0
rps11	160	T	0	3310	0	394	24	0	0	0	3704	24	3310	394	3704	0.8936285097192225	0.0	0.0
rps11	166	T	0	3461	0	367	24	0	0	0	3828	24	3461	367	3828	0.9041274817136886	0.0	0.0
rps11	206	C	0	4023	0	1070	0	0	39	0	5093	39	1070	4023	5093	0.2100922835264088	0.0	0.0
rps11	209	T	0	4423	0	698	37	0	0	0	5121	37	4423	698	5121	0.8636984963874244	0.0	0.0
rps11	241	T	0	5657	0	184	43	0	0	0	5841	43	5657	184	5841	0.9684985447697312	0.0	0.0
rps11	268	T	0	5816	0	1049	49	0	0	0	6865	49	5816	1049	6865	0.8471959213401311	0.0	0.0
rps11	292	C	0	843	0	6115	0	0	49	0	6958	49	6115	843	6958	0.8788444955446968	0.0	0.0
rps11	345	T	0	7003	0	99	39	0	0	0	7102	39	7003	99	7102	0.986060264714165	0.0	0.0
rps11	348	T	0	7040	0	120	40	0	0	0	7160	40	7040	120	7160	0.9832402234636871	0.0	0.0
rps11	351	T	0	7054	0	134	39	0	0	0	7188	39	7054	134	7188	0.9813578185865331	0.0	0.0
rps11	354	T	0	6999	0	179	39	0	0	0	7178	39	6999	179	7178	0.9750626915575369	0.0	0.0
rps11	390	T	0	7344	0	256	42	0	0	0	7600	42	7344	256	7600	0.9663157894736842	0.0	0.0
rps11	397	C	0	180	0	7386	0	0	41	0	7566	41	7386	180	7566	0.9762093576526566	0.0	0.0
rps11	424	C	0	94	0	7068	0	0	43	0	7162	43	7068	94	7162	0.9868751745322536	0.0	0.0
rps11	426	T	0	7069	0	117	44	0	0	0	7186	44	7069	117	7186	0.983718341219037	0.0	0.0
rps11	436	C	0	141	0	7183	0	0	47	0	7324	47	7183	141	7324	0.9807482250136538	0.0	0.0
rps11	457	C	0	160	0	7482	0	0	43	0	7642	43	7482	160	7642	0.9790630724941115	0.0	0.0
rps11	549	T	0	6772	0	154	43	0	0	0	6926	43	6772	154	6926	0.9777649436904419	0.0	0.0
rps11	573	T	0	6892	0	175	41	0	0	0	7067	41	6892	175	7067	0.9752370171218339	0.0	0.0
rps11	585	T	0	6555	0	293	36	0	0	0	6848	36	6555	293	6848	0.9572137850467289	0.0	0.0
rps11	589	C	0	256	0	6764	0	0	39	0	7020	39	6764	256	7020	0.9635327635327635	0.0	0.0
rps11	590	C	0	754	0	6353	0	0	39	0	7107	39	6353	754	7107	0.8939074152244266	0.0	0.0
rps11	605	T	0	2787	0	3696	40	0	0	0	6483	40	2787	3696	6483	0.42989356779268856	0.0	0.0
rps11	634	T	0	6490	0	139	48	0	0	0	6629	48	6490	139	6629	0.9790315281339569	0.0	0.0
rps11	649	C	0	186	0	5755	0	0	47	0	5941	47	5755	186	5941	0.9686921393704764	0.0	0.0
rps11	651	C	0	4792	0	1163	0	0	47	0	5955	47	1163	4792	5955	0.19529806884970613	0.0	0.0
rps11	652	C	0	97	0	5838	0	0	48	0	5935	48	5838	97	5935	0.9836562763268745	0.0	0.0
rps11	661	C	0	279	0	5539	0	0	48	0	5818	48	5539	279	5818	0.952045376418013	0.0	0.0
rps11	682	C	0	138	0	4882	0	0	42	0	5020	42	4882	138	5020	0.9725099601593625	0.0	0.0
rps11	685	T	0	4840	0	151	42	0	0	0	4991	42	4840	151	4991	0.969745541975556	0.0	0.0
rps11	716	T	0	758	0	3379	30	0	0	0	4137	30	758	3379	4137	0.18322455885907662	3.4011382754762457e-208	1.9654365432619367e-206
rps11	726	T	0	3562	0	168	23	0	0	0	3730	23	3562	168	3730	0.9549597855227882	0.0	0.0
rps11	782	C	0	137	0	929	0	0	15	0	1066	15	929	137	1066	0.8714821763602252	0.0	0.0
rps11	808	T	0	32	0	250	5	0	0	0	282	5	32	250	282	0.11347517730496454	1.6103511603384543e-5	0.0008571038677135085
rps12	191	C	0	191	0	4637	0	0	33	0	4828	33	4637	191	4828	0.9604391052195526	0.0	0.0
rps12	198	C	0	3031	0	1526	0	0	37	0	4557	37	1526	3031	4557	0.3348694316436252	0.0	0.0
rps12	253	T	0	5930	0	50	45	0	0	0	5980	45	5930	50	5980	0.9916387959866221	0.0	0.0
rps12	260	C	0	87	0	5926	0	0	50	0	6013	50	5926	87	6013	0.9855313487443872	0.0	0.0
rps12	265	T	0	6093	0	91	52	0	0	0	6184	52	6093	91	6184	0.9852846054333765	0.0	0.0
rps12	272	T	0	6264	0	203	48	0	0	0	6467	48	6264	203	6467	0.968609865470852	0.0	0.0
rps12	274	T	0	6198	0	280	53	0	0	0	6478	53	6198	280	6478	0.956776782957703	0.0	0.0
rps12	292	C	0	6057	0	560	0	0	51	0	6617	51	560	6057	6617	0.08463049720417107	1.9937672884374307e-32	1.09693947496547e-30
rps12	293	C	0	56	0	6435	0	0	54	0	6491	54	6435	56	6491	0.9913726698505623	0.0	0.0
rps12	314	T	0	6137	0	139	46	0	0	0	6276	46	6137	139	6276	0.9778521351179095	0.0	0.0
rps12	328	C	0	94	0	6233	0	0	50	0	6327	50	6233	94	6327	0.9851430377746168	0.0	0.0
rps12	329	T	0	6448	0	93	51	0	0	0	6541	51	6448	93	6541	0.985781990521327	0.0	0.0
rps12	337	T	0	6510	0	132	54	0	0	0	6642	54	6510	132	6642	0.980126467931346	0.0	0.0
rps12	353	C	0	248	0	6790	0	0	57	0	7038	57	6790	248	7038	0.9647627166808752	0.0	0.0
rps12	359	C	0	140	0	7059	0	0	55	0	7199	55	7059	140	7199	0.9805528545631338	0.0	0.0
rps12	363	C	0	99	0	7129	0	0	52	0	7228	52	7129	99	7228	0.9863032650802435	0.0	0.0
rps12	385	C	0	58	0	6540	0	0	58	0	6598	58	6540	58	6598	0.9912094574113368	0.0	0.0
rps12	389	C	0	67	0	6423	0	0	59	0	6490	59	6423	67	6490	0.9896764252696456	0.0	0.0
rps12	392	T	0	6397	0	126	57	0	0	0	6523	57	6397	126	6523	0.980683734478001	0.0	0.0
rps12	403	T	0	5610	0	462	68	0	0	0	6072	68	5610	462	6072	0.9239130434782609	0.0	0.0
rps12	410	C	0	95	0	6242	0	0	69	0	6337	69	6242	95	6337	0.9850086791857345	0.0	0.0
rps12	412	T	0	5889	0	491	69	0	0	0	6380	69	5889	491	6380	0.9230407523510972	0.0	0.0
rps12	431	C	0	91	0	5736	0	0	83	0	5827	83	5736	91	5827	0.9843830444482581	0.0	0.0
rps12	434	C	0	177	0	5988	0	0	83	0	6165	83	5988	177	6165	0.9712895377128954	0.0	0.0
rps12	449	C	0	111	0	5530	0	0	85	0	5641	85	5530	111	5641	0.9803226378301719	0.0	0.0
rps12	460	T	0	6082	0	68	86	0	0	0	6150	86	6082	68	6150	0.9889430894308943	0.0	0.0
rps12	461	T	0	6070	0	75	86	0	0	0	6145	86	6070	75	6145	0.9877949552481693	0.0	0.0
rps12	478	C	0	105	0	6193	0	0	90	0	6298	90	6193	105	6298	0.9833280406478248	0.0	0.0
rps12	502	T	0	6181	0	139	99	0	0	0	6320	99	6181	139	6320	0.978006329113924	0.0	0.0
rps12	517	T	0	6886	0	142	108	0	0	0	7028	108	6886	142	7028	0.9797951052931133	0.0	0.0
rps12	523	T	0	6758	0	381	107	0	0	0	7139	107	6758	381	7139	0.9466311808376523	0.0	0.0
rps12	568	C	0	196	0	8297	0	0	114	0	8493	114	8297	196	8493	0.9769221711998116	0.0	0.0
rps12	586	C	0	91	0	9307	0	0	112	0	9398	112	9307	91	9398	0.9903170887422856	0.0	0.0
rps12	599	C	0	1046	0	9233	0	0	129	0	10279	129	9233	1046	10279	0.8982391283198755	0.0	0.0
rps12	610	C	0	1671	0	8831	0	0	129	0	10502	129	8831	1671	10502	0.840887450009522	0.0	0.0
rps12	649	C	0	1130	0	11139	0	0	123	0	12269	123	11139	1130	12269	0.9078979541934958	0.0	0.0
rps12	827	C	0	210	0	2484	0	0	46	0	2694	46	2484	210	2694	0.9220489977728286	0.0	0.0
rps12	891	T	0	914	0	58	19	0	0	0	972	19	914	58	972	0.9403292181069959	0.0	0.0
rps12	898	C	0	14	0	865	0	0	16	0	879	16	865	14	879	0.9840728100113766	0.0	0.0
rps13	49	T	0	2213	0	74	17	0	0	0	2287	17	2213	74	2287	0.9676432006996065	0.0	0.0
rps13	79	G	0	0	3797	0	0	19	0	15	3797	34	15	19	34	0.4411764705882353	2.2787306181029e-11	1.2329454944556757e-9
rps13	88	C	0	54	0	4763	0	0	35	0	4817	35	4763	54	4817	0.9887897031347311	0.0	0.0
rps13	95	C	0	62	0	4898	0	0	44	0	4960	44	4898	62	4960	0.9875	0.0	0.0
rps13	107	C	0	38	0	5996	0	0	53	0	6034	53	5996	38	6034	0.9937023533311237	0.0	0.0
rps13	119	C	0	68	0	6820	0	0	50	0	6888	50	6820	68	6888	0.9901277584204413	0.0	0.0
rps13	133	T	0	7595	0	62	52	0	0	0	7657	52	7595	62	7657	0.9919028340080972	0.0	0.0
rps13	149	C	0	158	0	8454	0	0	66	0	8612	66	8454	158	8612	0.9816535067347887	0.0	0.0
rps13	153	C	0	1262	0	7605	0	0	67	0	8867	67	7605	1262	8867	0.8576745235141536	0.0	0.0
rps13	154	T	0	8507	0	445	66	0	0	0	8952	66	8507	445	8952	0.9502904378909741	0.0	0.0
rps13	199	T	0	9880	0	428	81	0	0	0	10308	81	9880	428	10308	0.9584788513775708	0.0	0.0
rps13	203	C	0	750	0	9661	0	0	78	0	10411	78	9661	750	10411	0.9279608106810104	0.0	0.0
rps13	236	C	0	303	0	10213	0	0	73	0	10516	73	10213	303	10516	0.9711867630277672	0.0	0.0
rps13	247	T	0	9662	0	255	80	0	0	0	9917	80	9662	255	9917	0.9742865786023999	0.0	0.0
rps13	319	T	0	4830	0	73	50	0	0	0	4903	50	4830	73	4903	0.9851111564348358	0.0	0.0
rps13	330	C	0	1093	0	3791	0	0	48	0	4884	48	3791	1093	4884	0.7762080262080262	0.0	0.0
rps13	334	T	0	4718	0	265	46	0	0	0	4983	46	4718	265	4983	0.9468191852297813	0.0	0.0
rps13	348	C	0	103	0	5051	0	0	40	0	5154	40	5051	103	5154	0.9800155219247186	0.0	0.0
rps13	352	C	0	164	0	4985	0	0	36	0	5149	36	4985	164	5149	0.9681491551757623	0.0	0.0
rps13	367	T	0	5021	0	40	39	0	0	0	5061	39	5021	40	5061	0.9920964236316934	0.0	0.0
rps13	385	T	0	3917	0	254	30	0	0	0	4171	30	3917	254	4171	0.9391033325341644	0.0	0.0
rps13	391	T	0	4131	0	191	29	0	0	0	4322	29	4131	191	4322	0.9558074965293846	0.0	0.0
rps13	397	T	0	4002	0	245	27	0	0	0	4247	27	4002	245	4247	0.9423122203908642	0.0	0.0
rps13	400	T	0	3929	0	447	27	0	0	0	4376	27	3929	447	4376	0.8978519195612431	0.0	0.0
rps13	406	T	0	4046	0	403	25	0	0	0	4449	25	4046	403	4449	0.9094178467071252	0.0	0.0
rps13	446	C	0	3622	0	978	0	0	23	0	4600	23	978	3622	4600	0.2126086956521739	6.1e-322	3.603e-320
rps13	449	T	0	3920	0	621	19	0	0	0	4541	19	3920	621	4541	0.8632459810614402	0.0	0.0
rps13	481	T	0	3679	0	111	19	0	0	0	3790	19	3679	111	3790	0.970712401055409	0.0	0.0
rps13	508	T	0	3015	0	564	15	0	0	0	3579	15	3015	564	3579	0.8424140821458508	0.0	0.0
rps13	532	C	0	354	0	2399	0	0	11	0	2753	11	2399	354	2753	0.8714130039956411	0.0	0.0
rps13	585	T	0	955	0	4	4	0	0	0	959	4	955	4	959	0.9958289885297185	0.0	0.0
rps13	588	T	0	909	0	4	4	0	0	0	913	4	909	4	913	0.9956188389923329	0.0	0.0
rps13	591	T	0	910	0	7	3	0	0	0	917	3	910	7	917	0.9923664122137404	0.0	0.0
rps13	594	T	0	903	0	9	0	0	0	0	912	0	903	9	912	0.9901315789473685	0.0	0.0
rps14	382	C	0	190	0	6463	0	0	11	0	6653	11	6463	190	6653	0.9714414549827146	0.0	0.0
rps14	385	C	0	324	0	6480	0	0	11	0	6804	11	6480	324	6804	0.9523809523809523	0.0	0.0
rps14	456	T	0	8855	0	1330	13	0	0	0	10185	13	8855	1330	10185	0.8694158075601375	0.0	0.0
rps14	478	C	0	104	0	10441	0	0	16	0	10545	16	10441	104	10545	0.9901375059269796	0.0	0.0
rps14	498	T	0	8479	0	966	16	0	0	0	9445	16	8479	966	9445	0.8977236633139227	0.0	0.0
rps14	519	T	0	8259	0	681	15	0	0	0	8940	15	8259	681	8940	0.9238255033557047	0.0	0.0
rps14	525	T	0	8430	0	433	16	0	0	0	8863	16	8430	433	8863	0.9511452104253638	0.0	0.0
rps14	532	C	0	208	0	8923	0	0	15	0	9131	15	8923	208	9131	0.9772204577811849	0.0	0.0
rps14	534	T	0	6722	0	2611	14	0	0	0	9333	14	6722	2611	9333	0.7202400085717348	0.0	0.0
rps14	541	C	0	639	0	8691	0	0	14	0	9330	14	8691	639	9330	0.9315112540192926	0.0	0.0
rps14	564	T	0	8535	0	233	13	0	0	0	8768	13	8535	233	8768	0.9734260948905109	0.0	0.0
rps14	571	C	0	361	0	8173	0	0	13	0	8534	13	8173	361	8534	0.9576986172955237	0.0	0.0
rps14	588	T	0	8530	0	466	11	0	0	0	8996	11	8530	466	8996	0.9481991996442863	0.0	0.0
rps14	1349	C	0	2901	0	304	0	0	9	0	3205	9	304	2901	3205	0.09485179407176288	1.197800955695385e-25	6.565909960705866e-24
rps14	2387	C	0	1938	0	7266	0	0	15	0	9204	15	7266	1938	9204	0.7894393741851369	0.0	0.0
rps14	2396	C	0	1162	0	9247	0	0	17	0	10409	17	9247	1162	10409	0.8883658372562205	0.0	0.0
rps14	2402	C	0	610	0	10264	0	0	17	0	10874	17	10264	610	10874	0.9439028876218503	0.0	0.0
rps14	2419	C	0	1020	0	12171	0	0	16	0	13191	16	12171	1020	13191	0.9226745508301114	0.0	0.0
rps14	2420	T	0	12158	0	1071	16	0	0	0	13229	16	12158	1071	13229	0.9190414997354297	0.0	0.0
rps14	2428	T	0	12894	0	894	16	0	0	0	13788	16	12894	894	13788	0.9351610095735422	0.0	0.0
rps14	2443	C	0	1291	0	14713	0	0	14	0	16004	14	14713	1291	16004	0.9193326668332916	0.0	0.0
rps14	2450	C	0	1833	0	15216	0	0	12	0	17049	12	15216	1833	17049	0.89248636283653	0.0	0.0
rps14	2453	T	0	16666	0	657	10	0	0	0	17323	10	16666	657	17323	0.9620735438434451	0.0	0.0
rps14	2454	C	0	15918	0	1336	0	0	11	0	17254	11	1336	15918	17254	0.07743132027355976	1.8558631869737703e-53	1.0313860945479761e-51
rps14	2462	T	0	16937	0	413	12	0	0	0	17350	12	16937	413	17350	0.9761959654178675	0.0	0.0
rps14	2468	T	0	17719	0	426	13	0	0	0	18145	13	17719	426	18145	0.9765224579774042	0.0	0.0
rps14	2519	T	0	22155	0	378	20	0	0	0	22533	20	22155	378	22533	0.983224603914259	0.0	0.0
rps14	2531	C	0	546	0	22203	0	0	23	0	22749	23	22203	546	22749	0.9759989450085718	0.0	0.0
rps14	2557	C	0	241	0	21427	0	0	29	0	21668	29	21427	241	21668	0.9888776075318442	0.0	0.0
rps14	2654	C	0	3378	0	4888	0	0	40	0	8266	40	4888	3378	8266	0.5913380111299298	0.0	0.0
rps14	2656	C	0	7323	0	723	0	0	41	0	8046	41	723	7323	8046	0.08985831469052946	5.866337700605108e-50	3.2532641346030875e-48
rps14	2666	T	0	534	0	1896	46	0	0	0	2430	46	534	1896	2430	0.21975308641975308	1.3465531401219681e-183	7.742865827184548e-182
rps19	2	T	0	9	0	0	0	0	0	0	9	0	9	0	9	1.0	1.953125000000001e-12	1.0600649350649356e-10
rps19	5	T	0	19	0	1	0	0	0	0	20	0	19	1	20	0.95	3.633499145507831e-24	1.9907078695472373e-22
rps19	8	T	0	39	0	0	0	0	0	0	39	0	39	0	39	1.0	1.818989403545867e-51	1.0098194095774293e-49
rps19	125	T	0	1681	0	198	4	0	0	0	1879	4	1681	198	1879	0.8946248004257584	0.0	0.0
rps19	165	C	0	34	0	2316	0	0	4	0	2350	4	2316	34	2350	0.985531914893617	0.0	0.0
rps19	197	C	0	55	0	2611	0	0	4	0	2666	4	2611	55	2666	0.9793698424606152	0.0	0.0
rps19	203	T	0	2692	0	56	4	0	0	0	2748	4	2692	56	2748	0.9796215429403202	0.0	0.0
rps19	219	C	0	62	0	2857	0	0	4	0	2919	4	2857	62	2919	0.9787598492634464	0.0	0.0
rps19	245	T	0	2935	0	115	5	0	0	0	3050	5	2935	115	3050	0.9622950819672131	0.0	0.0
rps19	256	C	0	2348	0	689	0	0	5	0	3037	5	689	2348	3037	0.22686862034902866	7.266325360274575e-245	4.2483809381168865e-243
rps19	327	T	0	2219	0	67	1	0	0	0	2286	1	2219	67	2286	0.9706911636045494	0.0	0.0
rps19	329	T	0	2213	0	73	1	0	0	0	2286	1	2213	73	2286	0.968066491688539	0.0	0.0
rps19	387	C	0	55	0	1083	0	0	1	0	1138	1	1083	55	1138	0.9516695957820738	0.0	0.0
rps19	425	C	0	32	0	239	0	0	1	0	271	1	239	32	271	0.8819188191881919	8.939149736567701e-271	5.261759799868132e-269
rps19	449	C	0	20	0	84	0	0	1	0	104	1	84	20	104	0.8076923076923077	2.3968856952150657e-89	1.348554751944373e-87
sdh3	157	T	0	22823	0	1012	63	0	0	0	23835	63	22823	1012	23835	0.957541430669184	0.0	0.0
sdh3	175	C	0	825	0	24212	0	0	78	0	25037	78	24212	825	25037	0.967048767823621	0.0	0.0
sdh3	179	T	0	25461	0	1453	75	0	0	0	26914	75	25461	1453	26914	0.9460132273166382	0.0	0.0
sdh3	202	T	0	24887	0	3318	76	0	0	0	28205	76	24887	3318	28205	0.8823612834603793	0.0	0.0
sdh3	220	C	0	547	0	23912	0	0	79	0	24459	79	23912	547	24459	0.9776360439919866	0.0	0.0
sdh3	238	C	0	494	0	26061	0	0	83	0	26555	83	26061	494	26555	0.9813971003577481	0.0	0.0
sdh3	306	C	0	831	0	25448	0	0	73	0	26279	73	25448	831	26279	0.9683777921534305	0.0	0.0
sdh3	312	C	0	10051	0	16290	0	0	75	0	26341	75	16290	10051	26341	0.6184275464105387	0.0	0.0
sdh3	319	C	0	542	0	25598	0	0	73	0	26140	73	25598	542	26140	0.979265493496557	0.0	0.0
sdh3	325	T	0	25346	0	1437	64	0	0	0	26783	64	25346	1437	26783	0.946346563118396	0.0	0.0
sdh3	366	C	0	23023	0	3556	0	0	54	0	26579	54	3556	23023	26579	0.13378983407953648	0.0	0.0
sdh3	406	T	0	22525	0	726	53	0	0	0	23251	53	22525	726	23251	0.968775536536063	0.0	0.0
sdh3	424	T	0	18127	0	1043	47	0	0	0	19170	47	18127	1043	19170	0.9455920709441836	0.0	0.0
sdh3	431	C	0	157	0	19141	0	0	48	0	19298	48	19141	157	19298	0.9918644419110789	0.0	0.0
sdh3	443	C	0	1505	0	16117	0	0	38	0	17622	38	16117	1505	17622	0.9145953921234821	0.0	0.0
sdh3	448	C	0	1305	0	14816	0	0	44	0	16121	44	14816	1305	16121	0.9190496867439986	0.0	0.0
sdh3	455	C	0	550	0	15520	0	0	44	0	16070	44	15520	550	16070	0.9657747355320473	0.0	0.0
sdh3	466	T	0	15040	0	725	43	0	0	0	15765	43	15040	725	15765	0.954012052013955	0.0	0.0
sdh3	480	C	0	14112	0	1212	0	0	44	0	15324	44	1212	14112	15324	0.07909162098668755	5.229076749721249e-53	2.90448664971226e-51
sdh3	488	C	0	277	0	12715	0	0	47	0	12992	47	12715	277	12992	0.9786791871921182	0.0	0.0
sdh3	499	C	0	347	0	11853	0	0	45	0	12200	45	11853	347	12200	0.9715573770491803	0.0	0.0
sdh3	521	C	0	153	0	9735	0	0	49	0	9888	49	9735	153	9888	0.9845266990291263	0.0	0.0
sdh3	526	C	0	345	0	9335	0	0	52	0	9680	52	9335	345	9680	0.9643595041322314	0.0	0.0
sdh3	527	C	0	262	0	9399	0	0	54	0	9661	54	9399	262	9661	0.9728806541765863	0.0	0.0
sdh4	1362	C	0	432	0	59	0	0	16	0	491	16	59	432	491	0.12016293279022404	7.486309928069211e-10	4.035963164523587e-8
sdh4	2099	C	0	1755	0	17936	0	0	33	0	19691	33	17936	1755	19691	0.9108729876593368	0.0	0.0
sdh4	2101	T	0	17509	0	2883	38	0	0	0	20392	38	17509	2883	20392	0.8586210278540605	0.0	0.0
sdh4	2118	C	0	2525	0	18273	0	0	37	0	20798	37	18273	2525	20798	0.878594095586114	0.0	0.0
sdh4	2119	C	0	915	0	20007	0	0	37	0	20922	37	20007	915	20922	0.9562661313449957	0.0	0.0
sdh4	2127	C	0	13774	0	8653	0	0	37	0	22427	37	8653	13774	22427	0.3858295804164623	0.0	0.0
sdh4	2165	C	0	1697	0	22512	0	0	34	0	24209	34	22512	1697	24209	0.9299021025238547	0.0	0.0
sdh4	2180	C	0	775	0	22894	0	0	34	0	23669	34	22894	775	23669	0.9672567493345726	0.0	0.0
sdh4	2185	C	0	3381	0	19934	0	0	35	0	23315	35	19934	3381	23315	0.8549860604760884	0.0	0.0
sdh4	2224	C	0	1002	0	17593	0	0	29	0	18595	29	17593	1002	18595	0.9461145469212153	0.0	0.0
sdh4	2251	C	0	900	0	11852	0	0	22	0	12752	22	11852	900	12752	0.929422835633626	0.0	0.0
sdh4	2258	C	0	3473	0	8376	0	0	26	0	11849	26	8376	3473	11849	0.7068950966326272	0.0	0.0
sdh4	2267	C	0	964	0	10697	0	0	21	0	11661	21	10697	964	11661	0.9173312751908069	0.0	0.0
sdh4	2279	C	0	1049	0	10515	0	0	19	0	11564	19	10515	1049	11564	0.9092874437910757	0.0	0.0
sdh4	2306	C	0	334	0	3470	0	0	9	0	3804	9	3470	334	3804	0.9121976866456362	0.0	0.0
sdh4	2323	C	0	135	0	2747	0	0	6	0	2882	6	2747	135	2882	0.9531575294934074	0.0	0.0
sdh4	2330	T	0	85	0	1059	6	0	0	0	1144	6	85	1059	1144	0.0743006993006993	0.0002433148787383575	0.012845648575332791
mat-Lepto	78	C	0	190	0	648	0	0	23	0	838	23	648	190	838	0.7732696897374701	0.0	0.0
mat-Lepto	83	T	0	604	0	249	24	0	0	0	853	24	604	249	853	0.7080890973036342	0.0	0.0
mat-Lepto	301	C	0	134	0	811	0	0	16	0	945	16	811	134	945	0.8582010582010582	0.0	0.0
mat-Lepto	409	A	0	0	0	0	0	48	0	0	0	48	48	0	48	1.0	3.5527136788005176e-63	1.9828393438091778e-61
mat-Lepto	1813	C	0	33	0	156	0	0	1	0	189	1	156	33	189	0.8253968253968254	1.5999155576764688e-167	9.15439087984871e-166
mat-Lepto	1827	T	0	104	0	70	2	0	0	0	174	2	104	70	174	0.5977011494252874	7.340617248913873e-88	4.1278131871179845e-86
mat-Lepto	2070	T	0	182	0	91	8	0	0	0	273	8	182	91	273	0.6666666666666666	2.3578480782552154e-165	1.3483742047953197e-163
mat-Lepto	2163	T	0	224	0	78	9	0	0	0	302	9	224	78	302	0.7417218543046358	3.0346941249251246e-220	1.7614713454009835e-218
mat-Lepto	2355	T	0	172	0	109	5	0	0	0	281	5	172	109	281	0.6120996441281139	9.858680749952397e-147	5.616330233124463e-145
mat-Lepto	2517	T	0	155	0	61	7	0	0	0	216	7	155	61	216	0.7175925925925926	4.03312290879364e-149	2.298858055159626e-147
mat-Lepto	2527	C	0	46	0	172	0	0	6	0	218	6	172	46	218	0.7889908256880734	6.459090538578274e-178	3.703873652418541e-176
mat-Lepto	2596	T	0	182	0	72	7	0	0	0	254	7	182	72	254	0.7165354330708661	1.3446889549794261e-174	7.702472698259345e-173
mat-Lepto	2814	T	0	235	0	52	7	0	0	0	287	7	235	52	287	0.818815331010453	7.39975501168333e-250	4.336098730345902e-248
mat-Lepto	2854	C	0	48	0	232	0	0	7	0	280	7	232	48	280	0.8285714285714286	4.057961988781266e-249	2.3765463485866967e-247
mat-Lepto	3100	C	0	48	0	151	0	0	14	0	199	14	151	48	199	0.7587939698492462	1.1183009166095366e-151	6.377733611755698e-150
mat-Lepto	3106	C	0	52	0	145	0	0	14	0	197	14	145	52	197	0.7360406091370558	2.4462472324407376e-142	1.392069231184141e-140
mat-Lepto	3120	T	0	30	0	157	13	0	0	0	187	13	30	157	187	0.16042780748663102	1.8530348316338112e-8	9.969365561745654e-7
mat-Lepto	3144	T	0	111	0	76	12	0	0	0	187	12	111	76	187	0.5935828877005348	3.4937866329403806e-93	1.968882564237384e-91
mat-Lepto	3174	T	0	118	0	75	10	0	0	0	193	10	118	75	193	0.6113989637305699	3.9162886277786684e-101	2.2117504639476503e-99
mat-Lepto	3282	T	0	124	0	41	8	0	0	0	165	8	124	41	165	0.7515151515151515	6.288174351094548e-124	3.5705894358823824e-122
mat-Lepto	4008	C	0	141	0	62	0	0	17	0	203	17	62	141	203	0.3054187192118227	1.9325571183923164e-31	1.0621439649112531e-29
mat-Lepto	4333	C	0	148	0	71	0	0	5	0	219	5	71	148	219	0.3242009132420091	1.1442706171461867e-37	6.315551721047733e-36
mat-Lepto	4463	T	0	143	0	87	4	0	0	0	230	4	143	87	230	0.6217391304347826	1.0202307707101743e-123	5.789989729701196e-122
mat-Lepto	4733	T	0	227	0	75	6	0	0	0	302	6	227	75	302	0.7516556291390728	1.747930153956736e-225	1.0157049081501656e-223
mat-Lepto	4896	C	0	83	0	268	0	0	9	0	351	9	268	83	351	0.7635327635327636	3.6375567645209936e-269	2.1399320425515395e-267
mat-Lepto	4901	T	0	240	0	116	9	0	0	0	356	9	240	116	356	0.6741573033707865	2.6435840400834515e-219	1.5336016685614603e-217
mat-Lepto	4910	T	0	287	0	73	10	0	0	0	360	10	287	73	360	0.7972222222222223	3.4372455550390752e-298	2.031241038407707e-296
mat-Lepto	4950	C	0	51	0	241	0	0	9	0	292	9	241	51	292	0.8253424657534246	7.050112534249481e-258	4.138178413361718e-256
mat-Lepto	4962	C	0	75	0	221	0	0	7	0	296	7	221	75	296	0.7466216216216216	1.985156815753114e-218	1.1503559850797856e-216
mat-Lepto	4980	C	0	100	0	224	0	0	9	0	324	9	224	100	324	0.691358024691358	9.853523214599158e-209	5.6972667706769235e-207
mat-Lepto	5003	T	0	238	0	114	8	0	0	0	352	8	238	114	352	0.6761363636363636	5.675613258284685e-218	3.2870735766384915e-216
mat-Lepto	5036	T	0	237	0	109	8	0	0	0	346	8	237	109	346	0.684971098265896	3.371487618803633e-219	1.9547892697702753e-217
mat-Lepto	5072	T	0	301	0	91	10	0	0	0	392	10	301	91	392	0.7678571428571429	1.9721524002312566e-303	1.1667637756294546e-301
mat-Lepto	5147	T	0	285	0	100	12	0	0	0	385	12	285	100	385	0.7402597402597403	2.6564105736995238e-279	1.5671472430272515e-277
mat-Lepto	5151	C	0	123	0	232	0	0	11	0	355	11	232	123	355	0.6535211267605634	3.637314665805141e-207	2.0995946755984595e-205
mat-Lepto	5190	C	0	105	0	254	0	0	12	0	359	12	254	105	359	0.7075208913649025	1.2595003471711634e-240	7.343336845560444e-239
mat-Lepto	5202	C	0	128	0	263	0	0	10	0	391	10	263	128	391	0.6726342710997443	9.81561412375353e-240	5.719661816228492e-238
mat-Lepto	5277	C	0	79	0	244	0	0	10	0	323	10	244	79	323	0.7554179566563467	3.511904842244693e-243	2.0498537313839415e-241
mat-Lepto	5392	C	0	237	0	27	0	0	7	0	264	7	27	237	264	0.10227272727272728	0.00038725149574895206	0.020413741814253535
mat-Lepto	5406	C	0	48	0	175	0	0	7	0	223	7	175	48	223	0.7847533632286996	3.233191029996449e-180	1.857085205134849e-178
mat-Lepto	5420	T	0	166	0	44	7	0	0	0	210	7	166	44	210	0.7904761904761904	5.017461678080714e-172	2.8724624445253314e-170
mat-Lepto	5427	C	0	40	0	174	0	0	7	0	214	7	174	40	214	0.8130841121495327	2.2357673684845714e-184	1.2863049265378195e-182
mat-Lepto	5579	C	0	60	0	261	0	0	2	0	321	2	261	60	321	0.8130841121495327	1.0276803814317483e-275	6.052539247575483e-274
mat-Lepto	5597	C	0	53	0	250	0	0	2	0	303	2	250	53	303	0.8250825082508251	2.2491213913289024e-267	1.322387186077905e-265
mat-Lepto	5627	C	0	298	0	38	0	0	1	0	336	1	38	298	336	0.1130952380952381	3.0110800358284575e-6	0.0001608372403595896
mat-Lepto	5701	C	0	117	0	262	0	0	1	0	379	1	262	117	379	0.6912928759894459	8.17146578773402e-244	4.7722456428309135e-242
mat-Lepto	5741	T	0	280	0	140	1	0	0	0	420	1	280	140	420	0.6666666666666666	2.1016528609089702e-253	1.2322148760256409e-251
mat-Lepto	5817	C	0	100	0	361	0	0	2	0	461	2	361	100	461	0.7830802603036876	0.0	0.0
mat-Lepto	5822	C	0	116	0	357	0	0	1	0	473	1	357	116	473	0.7547568710359408	0.0	0.0
mat-Lepto	5831	C	0	443	0	45	0	0	2	0	488	2	45	443	488	0.09221311475409837	7.494276867494606e-5	0.003976648283980886
mat-Lepto	5844	C	0	162	0	358	0	0	2	0	520	2	358	162	520	0.6884615384615385	0.0	0.0
mat-Lepto	5850	C	0	169	0	351	0	0	2	0	520	2	351	169	520	0.675	3.656e-320	2.16669e-318
mat-Lepto	5851	C	0	438	0	93	0	0	1	0	531	1	93	438	531	0.1751412429378531	1.0410138917440278e-25	5.709455717029713e-24
mat-Lepto	5865	C	0	506	0	47	0	0	1	0	553	1	47	506	553	0.08499095840867993	0.00034667757022255465	0.018293369968107327
mat-Lepto	5870	T	0	67	0	480	1	0	0	0	547	1	67	480	547	0.12248628884826325	2.4523986025303885e-11	1.326224668697593e-9
mat-Lepto	5886	C	0	75	0	479	0	0	0	0	554	0	479	75	554	0.8646209386281588	0.0	0.0
mat-Lepto	5910	C	0	86	0	486	0	0	0	0	572	0	486	86	572	0.8496503496503497	0.0	0.0
mat-Lepto	5922	C	0	93	0	491	0	0	0	0	584	0	491	93	584	0.8407534246575342	0.0	0.0
mat-Lepto	5955	C	0	101	0	486	0	0	0	0	587	0	486	101	587	0.82793867120954	0.0	0.0
mat-Lepto	6013	C	0	474	0	69	0	0	1	0	543	1	69	474	543	0.1270718232044199	2.3253230360571197e-12	1.261421343755181e-10
mat-Lepto	6017	T	0	435	0	108	1	0	0	0	543	1	435	108	543	0.8011049723756906	0.0	0.0
mat-Lepto	6029	T	0	451	0	93	1	0	0	0	544	1	451	93	544	0.8290441176470589	0.0	0.0
mat-Lepto	6037	C	0	343	0	232	0	0	1	0	575	1	232	343	575	0.40347826086956523	3.1283033726187633e-143	1.7811724052926888e-141
mat-Lepto	6050	T	0	455	0	106	3	0	0	0	561	3	455	106	561	0.8110516934046346	0.0	0.0
mat-Lepto	6086	T	0	392	0	195	3	0	0	0	587	3	392	195	587	0.6678023850085179	0.0	0.0
mat-Lepto	6111	C	0	89	0	476	0	0	3	0	565	3	476	89	565	0.8424778761061947	0.0	0.0
mat-Lepto	6129	C	0	127	0	479	0	0	3	0	606	3	479	127	606	0.7904290429042904	0.0	0.0
mat-Lepto	6188	T	0	486	0	238	4	0	0	0	724	4	486	238	724	0.6712707182320442	0.0	0.0
mat-Lepto	6236	C	0	354	0	535	0	0	7	0	889	7	535	354	889	0.6017997750281214	0.0	0.0
mat-Lepto	6242	C	0	810	0	101	0	0	10	0	911	10	101	810	911	0.11086717892425905	1.6619052689460577e-13	9.034123959390432e-12
mat-Lepto	6244	C	0	776	0	147	0	0	10	0	923	10	147	776	923	0.15926327193932827	8.116008988614964e-35	4.474726222324493e-33
mat-Lepto	6254	C	0	270	0	658	0	0	10	0	928	10	658	270	928	0.709051724137931	0.0	0.0
mat-Lepto	6299	C	0	107	0	842	0	0	10	0	949	10	842	107	949	0.8872497365648051	0.0	0.0
mat-Lepto	6312	C	0	166	0	871	0	0	11	0	1037	11	871	166	1037	0.8399228543876567	0.0	0.0
mat-Lepto	6378	C	0	107	0	1023	0	0	11	0	1130	11	1023	107	1130	0.9053097345132743	0.0	0.0
mat-Lepto	6459	C	0	544	0	813	0	0	8	0	1357	8	813	544	1357	0.5991156963890936	0.0	0.0
mat-Lepto	6561	C	0	97	0	1327	0	0	8	0	1424	8	1327	97	1424	0.9318820224719101	0.0	0.0
mat-Lepto	6564	C	0	177	0	1242	0	0	8	0	1419	8	1242	177	1419	0.8752642706131079	0.0	0.0
nad6	787	C	0	9011	0	22	0	0	8	0	9033	8	22	9011	9033	0.0024355142256171814	1.0	1.0
