refID	pos	ref	fA	fC	fG	fU	rA	rC	rG	rU	f_total	r_total	edited	unedited	total	editp	binomial	bBH
atp1	120	C	0	14089	0	5830	0	0	108	0	19919	108	5830	14089	19919	0.2926853757718761	0.0	0.0
atp1	139	C	0	1221	0	22701	0	0	124	0	23922	124	22701	1221	23922	0.9489591171306747	0.0	0.0
atp1	168	T	0	29461	0	2320	128	0	0	0	31781	128	29461	2320	31781	0.927000409049432	0.0	0.0
atp1	172	C	0	1859	0	30290	0	0	123	0	32149	123	30290	1859	32149	0.9421754953497776	0.0	0.0
atp1	182	C	0	3576	0	28953	0	0	95	0	32529	95	28953	3576	32529	0.8900673245411787	0.0	0.0
atp1	184	C	0	1707	0	30845	0	0	94	0	32552	94	30845	1707	32552	0.947560825755714	0.0	0.0
atp1	207	C	0	2246	0	35062	0	0	87	0	37308	87	35062	2246	37308	0.9397984346520853	0.0	0.0
atp1	212	C	0	35286	0	2156	0	0	84	0	37442	84	2156	35286	37442	0.05758239410287912	2.475673323575596e-11	8.676814448813476e-10
atp1	237	T	0	36478	0	2455	116	0	0	0	38933	116	36478	2455	38933	0.9369429532787096	0.0	0.0
atp1	280	C	0	1427	0	37180	0	0	111	0	38607	111	37180	1427	38607	0.9630377910741575	0.0	0.0
atp1	340	C	0	1656	0	38214	0	0	115	0	39870	115	38214	1656	39870	0.9584650112866817	0.0	0.0
atp1	345	T	0	38608	0	1791	115	0	0	0	40399	115	38608	1791	40399	0.9556672194856308	0.0	0.0
atp1	346	C	0	2048	0	38120	0	0	116	0	40168	116	38120	2048	40168	0.9490141406094403	0.0	0.0
atp1	376	C	0	1393	0	36434	0	0	118	0	37827	118	36434	1393	37827	0.963174452110926	0.0	0.0
atp1	377	C	0	34336	0	3755	0	0	123	0	38091	123	3755	34336	38091	0.09857971699351553	0.0	0.0
atp1	442	T	0	34488	0	1475	119	0	0	0	35963	119	34488	1475	35963	0.9589856241136724	0.0	0.0
atp1	460	C	0	1546	0	35433	0	0	124	0	36979	124	35433	1546	36979	0.9581924876281133	0.0	0.0
atp1	465	T	0	33908	0	1670	125	0	0	0	35578	125	33908	1670	35578	0.9530608803192985	0.0	0.0
atp1	490	T	0	32645	0	1982	122	0	0	0	34627	122	32645	1982	34627	0.9427614289427325	0.0	0.0
atp1	782	C	0	2742	0	1423	0	0	202	0	4165	202	1423	2742	4165	0.341656662665066	0.0	0.0
atp1	917	C	0	445	0	2495	0	0	172	0	2940	172	2495	445	2940	0.8486394557823129	0.0	0.0
atp1	918	C	0	446	0	2510	0	0	173	0	2956	173	2510	446	2956	0.8491204330175913	0.0	0.0
atp1	1037	C	0	445	0	2584	0	0	113	0	3029	113	2584	445	3029	0.8530868273357544	0.0	0.0
atp1	1529	T	0	35587	0	2597	52	0	0	0	38184	52	35587	2597	38184	0.9319872197779174	0.0	0.0
atp1	1551	T	0	40300	0	1009	52	0	0	0	41309	52	40300	1009	41309	0.9755743300491418	0.0	0.0
atp1	1552	C	0	1316	0	39156	0	0	53	0	40472	53	39156	1316	40472	0.9674836924293339	0.0	0.0
atp1	1553	T	0	40035	0	1147	52	0	0	0	41182	52	40035	1147	41182	0.9721480258365305	0.0	0.0
atp1	1592	T	0	36192	0	993	44	0	0	0	37185	44	36192	993	37185	0.9732956837434449	0.0	0.0
atp1	1709	T	0	31573	0	588	56	0	0	0	32161	56	31573	588	32161	0.981716986412114	0.0	0.0
atp1	1716	C	0	983	0	32142	0	0	58	0	33125	58	32142	983	33125	0.9703245283018868	0.0	0.0
atp1	1727	T	0	31132	0	893	58	0	0	0	32025	58	31132	893	32025	0.9721155347384856	0.0	0.0
atp1	1737	T	0	28200	0	639	58	0	0	0	28839	58	28200	639	28839	0.9778425049412254	0.0	0.0
atp1	1757	C	0	583	0	29999	0	0	54	0	30582	54	29999	583	30582	0.9809364985939442	0.0	0.0
atp1	1770	T	0	30074	0	612	59	0	0	0	30686	59	30074	612	30686	0.980056051619631	0.0	0.0
atp1	1778	T	0	30145	0	1046	61	0	0	0	31191	61	30145	1046	31191	0.9664646853258952	0.0	0.0
atp1	1799	T	0	26478	0	1069	69	0	0	0	27547	69	26478	1069	27547	0.9611935963988819	0.0	0.0
atp1	1803	C	0	631	0	27554	0	0	71	0	28185	71	27554	631	28185	0.9776122050736207	0.0	0.0
atp1	1815	C	0	822	0	28681	0	0	65	0	29503	65	28681	822	29503	0.9721384266006847	0.0	0.0
atp1	1816	C	0	27347	0	2467	0	0	65	0	29814	65	2467	27347	29814	0.082746360770108	1.5287488376742376e-125	5.696086237083605e-124
atp1	1841	C	0	604	0	27900	0	0	65	0	28504	65	27900	604	28504	0.9788099915801292	0.0	0.0
atp1	1842	T	0	28006	0	769	60	0	0	0	28775	60	28006	769	28775	0.973275412684622	0.0	0.0
atp1	1854	T	0	28689	0	534	60	0	0	0	29223	60	28689	534	29223	0.9817267221024536	0.0	0.0
atp1	1857	T	0	28809	0	597	69	0	0	0	29406	69	28809	597	29406	0.9796980208120791	0.0	0.0
atp1	1871	T	0	28803	0	705	73	0	0	0	29508	73	28803	705	29508	0.9761081740544937	0.0	0.0
atp1	1878	T	0	27369	0	644	65	0	0	0	28013	65	27369	644	28013	0.9770106736158213	0.0	0.0
atp1	1883	T	0	26519	0	1048	66	0	0	0	27567	66	26519	1048	27567	0.9619835310334821	0.0	0.0
atp1	1890	C	0	810	0	26585	0	0	66	0	27395	66	26585	810	27395	0.9704325606862566	0.0	0.0
atp1	1896	T	0	23188	0	720	61	0	0	0	23908	61	23188	720	23908	0.9698845574703028	0.0	0.0
atp1	1898	C	0	584	0	23211	0	0	61	0	23795	61	23211	584	23795	0.9754570287875605	0.0	0.0
atp1	1901	C	0	788	0	23041	0	0	61	0	23829	61	23041	788	23829	0.9669310504007722	0.0	0.0
atp1	1907	C	0	701	0	22211	0	0	61	0	22912	61	22211	701	22912	0.9694046787709497	0.0	0.0
atp1	1914	C	0	872	0	22129	0	0	62	0	23001	62	22129	872	23001	0.9620886048432676	0.0	0.0
atp1	1923	C	0	720	0	21421	0	0	59	0	22141	59	21421	720	22141	0.9674811435797841	0.0	0.0
atp1	1926	C	0	787	0	22006	0	0	66	0	22793	66	22006	787	22793	0.9654718553942	0.0	0.0
atp1	1968	C	0	411	0	17106	0	0	54	0	17517	54	17106	411	17517	0.9765370782668266	0.0	0.0
atp1	1976	T	0	17564	0	359	55	0	0	0	17923	55	17564	359	17923	0.9799698711153266	0.0	0.0
atp1	1991	T	0	15424	0	458	54	0	0	0	15882	54	15424	458	15882	0.9711623221256769	0.0	0.0
atp1	1994	T	0	15654	0	599	54	0	0	0	16253	54	15654	599	16253	0.9631452654894481	0.0	0.0
atp1	2007	C	0	641	0	16498	0	0	55	0	17139	55	16498	641	17139	0.9625999183149542	0.0	0.0
atp1	2010	C	0	333	0	16780	0	0	58	0	17113	58	16780	333	17113	0.9805411090983462	0.0	0.0
atp1	2015	T	0	16124	0	1155	61	0	0	0	17279	61	16124	1155	17279	0.9331558539267318	0.0	0.0
atp1	2019	T	0	16972	0	371	58	0	0	0	17343	58	16972	371	17343	0.97860808395318	0.0	0.0
atp1	2022	T	0	17213	0	357	54	0	0	0	17570	54	17213	357	17570	0.9796812749003984	0.0	0.0
atp1	2027	T	0	17267	0	470	57	0	0	0	17737	57	17267	470	17737	0.973501719569262	0.0	0.0
atp1	2034	T	0	17007	0	640	56	0	0	0	17647	56	17007	640	17647	0.9637332124440415	0.0	0.0
atp1	2040	T	0	16897	0	517	52	0	0	0	17414	52	16897	517	17414	0.970311243826806	0.0	0.0
atp1	2041	C	0	11265	0	6190	0	0	55	0	17455	55	6190	11265	17455	0.35462618160985393	0.0	0.0
atp1	2058	C	0	469	0	16048	0	0	58	0	16517	58	16048	469	16517	0.9716050130168917	0.0	0.0
atp1	2060	T	0	15759	0	776	53	0	0	0	16535	53	15759	776	16535	0.9530692470517085	0.0	0.0
atp1	2063	C	0	853	0	15412	0	0	54	0	16265	54	15412	853	16265	0.9475561020596373	0.0	0.0
atp1	2064	T	0	16150	0	512	54	0	0	0	16662	54	16150	512	16662	0.9692713959908774	0.0	0.0
atp1	2066	T	0	16148	0	645	53	0	0	0	16793	53	16148	645	16793	0.9615911391651283	0.0	0.0
atp1	2070	C	0	537	0	16327	0	0	53	0	16864	53	16327	537	16864	0.9681570208728653	0.0	0.0
atp1	2073	C	0	867	0	16065	0	0	53	0	16932	53	16065	867	16932	0.9487951807228916	0.0	0.0
atp1	2086	C	0	616	0	15809	0	0	58	0	16425	58	15809	616	16425	0.962496194824962	0.0	0.0
atp1	2094	T	0	16792	0	723	57	0	0	0	17515	57	16792	723	17515	0.9587210962032544	0.0	0.0
atp1	2099	T	0	16036	0	1496	59	0	0	0	17532	59	16036	1496	17532	0.9146703171343828	0.0	0.0
atp1	2109	T	0	14861	0	641	57	0	0	0	15502	57	14861	641	15502	0.9586504967101019	0.0	0.0
atp1	2118	C	0	260	0	15534	0	0	57	0	15794	57	15534	260	15794	0.9835380524249715	0.0	0.0
atp1	2121	T	0	15056	0	825	57	0	0	0	15881	57	15056	825	15881	0.9480511302814684	0.0	0.0
atp1	2127	C	0	459	0	15497	0	0	50	0	15956	50	15497	459	15956	0.9712333918275257	0.0	0.0
atp1	2130	T	0	15011	0	884	48	0	0	0	15895	48	15011	884	15895	0.9443850267379679	0.0	0.0
atp1	2131	C	0	13905	0	2015	0	0	50	0	15920	50	2015	13905	15920	0.12657035175879397	7.445689517962431e-308	2.903106892515925e-306
atp1	2142	T	0	16096	0	426	49	0	0	0	16522	49	16096	426	16522	0.9742161965863697	0.0	0.0
atp1	2144	T	0	14824	0	1821	49	0	0	0	16645	49	14824	1821	16645	0.8905977771102433	0.0	0.0
atp1	2163	T	0	15352	0	415	36	0	0	0	15767	36	15352	415	15767	0.9736792033995053	0.0	0.0
atp1	2169	C	0	519	0	15301	0	0	42	0	15820	42	15301	519	15820	0.9671934260429835	0.0	0.0
atp1	2172	T	0	15371	0	455	41	0	0	0	15826	41	15371	455	15826	0.9712498420320991	0.0	0.0
atp1	2175	T	0	15317	0	510	38	0	0	0	15827	38	15317	510	15827	0.9677765843179377	0.0	0.0
atp1	2186	C	0	488	0	15213	0	0	39	0	15701	39	15213	488	15701	0.9689191771224763	0.0	0.0
atp1	2187	T	0	15231	0	589	39	0	0	0	15820	39	15231	589	15820	0.9627686472819216	0.0	0.0
atp1	2201	T	0	17795	0	890	44	0	0	0	18685	44	17795	890	18685	0.9523682097939523	0.0	0.0
atp1	2207	C	0	636	0	18898	0	0	43	0	19534	43	18898	636	19534	0.9674413842530971	0.0	0.0
atp1	2210	C	0	18015	0	1974	0	0	42	0	19989	42	1974	18015	19989	0.09875431487318025	9.188979747092598e-174	3.461451882469466e-172
atp1	2211	C	0	338	0	18980	0	0	47	0	19318	47	18980	338	19318	0.9825033647375505	0.0	0.0
atp1	2223	C	0	453	0	20274	0	0	48	0	20727	48	20274	453	20727	0.9781444492690693	0.0	0.0
atp1	2225	C	0	225	0	20640	0	0	47	0	20865	47	20640	225	20865	0.9892163910855499	0.0	0.0
atp1	2240	T	0	20534	0	457	44	0	0	0	20991	44	20534	457	20991	0.9782287647086847	0.0	0.0
atp1	2244	T	0	21029	0	388	48	0	0	0	21417	48	21029	388	21417	0.9818835504505766	0.0	0.0
atp1	2247	T	0	20808	0	571	43	0	0	0	21379	43	20808	571	21379	0.9732915477805323	0.0	0.0
atp1	2264	C	0	393	0	21567	0	0	43	0	21960	43	21567	393	21960	0.982103825136612	0.0	0.0
atp1	2265	T	0	21310	0	824	43	0	0	0	22134	43	21310	824	22134	0.9627722056564562	0.0	0.0
atp1	2273	T	0	22872	0	986	47	0	0	0	23858	47	22872	986	23858	0.9586721435158019	0.0	0.0
atp1	2291	T	0	25360	0	1326	49	0	0	0	26686	49	25360	1326	26686	0.9503110245072323	0.0	0.0
atp1	2295	C	0	550	0	26684	0	0	48	0	27234	48	26684	550	27234	0.979804655944775	0.0	0.0
atp1	2315	C	0	376	0	28825	0	0	46	0	29201	46	28825	376	29201	0.9871237286394302	0.0	0.0
atp1	2337	C	0	657	0	28136	0	0	47	0	28793	47	28136	657	28793	0.9771819539471399	0.0	0.0
atp1	2342	T	0	27287	0	597	47	0	0	0	27884	47	27287	597	27884	0.9785898723282169	0.0	0.0
atp1	2345	C	0	298	0	27686	0	0	47	0	27984	47	27686	298	27984	0.9893510577472842	0.0	0.0
atp1	2364	C	0	333	0	27827	0	0	49	0	28160	49	27827	333	28160	0.9881747159090909	0.0	0.0
atp1	2369	T	0	28175	0	360	52	0	0	0	28535	52	28175	360	28535	0.987383914490976	0.0	0.0
atp1	2397	T	0	29600	0	354	47	0	0	0	29954	47	29600	354	29954	0.9881818788809508	0.0	0.0
atp1	2399	T	0	29676	0	377	49	0	0	0	30053	49	29676	377	30053	0.9874554952916514	0.0	0.0
atp1	2406	C	0	416	0	30562	0	0	47	0	30978	47	30562	416	30978	0.986571114984828	0.0	0.0
atp1	2409	C	0	364	0	30390	0	0	51	0	30754	51	30390	364	30754	0.9881641412499187	0.0	0.0
atp1	2411	T	0	30568	0	519	51	0	0	0	31087	51	30568	519	31087	0.9833049184546595	0.0	0.0
atp1	2414	T	0	30673	0	465	48	0	0	0	31138	48	30673	465	31138	0.9850664782580769	0.0	0.0
atp1	2427	C	0	459	0	32612	0	0	49	0	33071	49	32612	459	33071	0.9861207704635481	0.0	0.0
atp1	2431	C	0	28075	0	5547	0	0	55	0	33622	55	5547	28075	33622	0.1649812622687526	0.0	0.0
atp1	2444	T	0	33524	0	432	51	0	0	0	33956	51	33524	432	33956	0.9872776534338555	0.0	0.0
atp1	2448	T	0	34021	0	426	45	0	0	0	34447	45	34021	426	34447	0.9876331756031004	0.0	0.0
atp1	2450	T	0	34573	0	358	45	0	0	0	34931	45	34573	358	34931	0.9897512238412871	0.0	0.0
atp1	2456	C	0	347	0	34182	0	0	48	0	34529	48	34182	347	34529	0.9899504764111327	0.0	0.0
atp1	2460	T	0	33395	0	404	56	0	0	0	33799	56	33395	404	33799	0.9880469836385692	0.0	0.0
atp1	2474	T	0	32668	0	441	56	0	0	0	33109	56	32668	441	33109	0.9866803588148237	0.0	0.0
atp1	2492	C	0	292	0	36142	0	0	57	0	36434	57	36142	292	36434	0.9919855080419389	0.0	0.0
atp1	2514	C	0	365	0	38419	0	0	53	0	38784	53	38419	365	38784	0.990588902640264	0.0	0.0
atp1	2534	T	0	39166	0	463	44	0	0	0	39629	44	39166	463	39629	0.9883166368063792	0.0	0.0
atp1	2543	T	0	40145	0	381	47	0	0	0	40526	47	40145	381	40526	0.9905986280412574	0.0	0.0
atp1	2562	C	0	462	0	43175	0	0	45	0	43637	45	43175	462	43637	0.98941265439879	0.0	0.0
atp1	2563	C	0	14943	0	28725	0	0	44	0	43668	44	28725	14943	43668	0.6578043418521572	0.0	0.0
atp1	2603	T	0	36096	0	832	50	0	0	0	36928	50	36096	832	36928	0.9774696707105719	0.0	0.0
atp1	2627	T	0	29786	0	552	52	0	0	0	30338	52	29786	552	30338	0.9818049970334234	0.0	0.0
atp1	2637	C	0	532	0	29133	0	0	57	0	29665	57	29133	532	29665	0.9820664082251812	0.0	0.0
atp1	2648	C	0	267	0	24295	0	0	52	0	24562	52	24295	267	24562	0.9891295497109356	0.0	0.0
atp1	2651	T	0	23325	0	496	50	0	0	0	23821	50	23325	496	23821	0.9791780361865581	0.0	0.0
atp1	2662	C	0	5057	0	17144	0	0	47	0	22201	47	17144	5057	22201	0.772217467681636	0.0	0.0
atp1	3192	C	0	163	0	54	0	0	62	0	217	62	54	163	217	0.2488479262672811	7.222220777980227e-23	2.5701920601537865e-21
atp4	156	C	0	1020	0	7334	0	0	44	0	8354	44	7334	1020	8354	0.8779028010533876	0.0	0.0
atp4	183	C	0	1425	0	8243	0	0	44	0	9668	44	8243	1425	9668	0.8526065370293753	0.0	0.0
atp4	189	C	0	806	0	8957	0	0	45	0	9763	45	8957	806	9763	0.9174434087882823	0.0	0.0
atp4	204	T	0	9200	0	1454	48	0	0	0	10654	48	9200	1454	10654	0.8635254364557913	0.0	0.0
atp4	209	T	0	8945	0	2451	54	0	0	0	11396	54	8945	2451	11396	0.784924534924535	0.0	0.0
atp4	236	T	0	1228	0	12235	56	0	0	0	13463	56	1228	12235	13463	0.09121295402213474	2.8110769962442576e-87	1.0339039761573114e-85
atp4	248	C	0	1091	0	13042	0	0	62	0	14133	62	13042	1091	14133	0.9228047831316777	0.0	0.0
atp4	267	C	0	1405	0	13916	0	0	62	0	15321	62	13916	1405	15321	0.9082958031460088	0.0	0.0
atp4	268	C	0	1714	0	13700	0	0	61	0	15414	61	13700	1714	15414	0.8888023874399896	0.0	0.0
atp4	269	C	0	2724	0	12694	0	0	61	0	15418	61	12694	2724	15418	0.823323388247503	0.0	0.0
atp4	271	C	0	5049	0	10206	0	0	58	0	15255	58	10206	5049	15255	0.6690265486725664	0.0	0.0
atp4	332	T	0	18187	0	1973	47	0	0	0	20160	47	18187	1973	20160	0.9021329365079365	0.0	0.0
atp4	344	T	0	19180	0	2414	43	0	0	0	21594	43	19180	2414	21594	0.888209687876262	0.0	0.0
atp4	354	C	0	2535	0	19927	0	0	36	0	22462	36	19927	2535	22462	0.8871427299439053	0.0	0.0
atp4	355	C	0	13430	0	9164	0	0	39	0	22594	39	9164	13430	22594	0.40559440559440557	0.0	0.0
atp4	362	T	0	19439	0	3734	37	0	0	0	23173	37	19439	3734	23173	0.8388641953998187	0.0	0.0
atp4	392	T	0	22687	0	4334	39	0	0	0	27021	39	22687	4334	27021	0.8396062321897784	0.0	0.0
atp4	412	C	0	26430	0	2126	0	0	40	0	28556	40	2126	26430	28556	0.07445020310967923	1.3361233947473245e-70	4.889012539677357e-69
atp4	423	T	0	21436	0	6008	45	0	0	0	27444	45	21436	6008	27444	0.7810814750036438	0.0	0.0
atp4	431	T	0	21728	0	6874	46	0	0	0	28602	46	21728	6874	28602	0.759667156142927	0.0	0.0
atp4	462	T	0	22538	0	5413	45	0	0	0	27951	45	22538	5413	27951	0.8063396658437981	0.0	0.0
atp4	473	C	0	3416	0	22590	0	0	46	0	26006	46	22590	3416	26006	0.8686456971468123	0.0	0.0
atp4	483	C	0	3341	0	23196	0	0	49	0	26537	49	23196	3341	26537	0.8741003127708482	0.0	0.0
atp4	491	T	0	23848	0	2464	51	0	0	0	26312	51	23848	2464	26312	0.9063545150501672	0.0	0.0
atp4	500	T	0	23023	0	4045	43	0	0	0	27068	43	23023	4045	27068	0.8505615486921827	0.0	0.0
atp4	507	C	0	2240	0	24778	0	0	44	0	27018	44	24778	2240	27018	0.9170923088311496	0.0	0.0
atp4	515	T	0	24969	0	1869	44	0	0	0	26838	44	24969	1869	26838	0.9303599374021909	0.0	0.0
atp4	530	T	0	23131	0	3325	41	0	0	0	26456	41	23131	3325	26456	0.8743196250377986	0.0	0.0
atp4	543	C	0	2191	0	22564	0	0	40	0	24755	40	22564	2191	24755	0.9114926277519693	0.0	0.0
atp4	554	T	0	18691	0	4315	44	0	0	0	23006	44	18691	4315	23006	0.8124402329827002	0.0	0.0
atp4	572	T	0	18972	0	4504	34	0	0	0	23476	34	18972	4504	23476	0.8081444879877322	0.0	0.0
atp4	578	T	0	18833	0	4828	36	0	0	0	23661	36	18833	4828	23661	0.795951143231478	0.0	0.0
atp4	583	C	0	3870	0	18201	0	0	36	0	22071	36	18201	3870	22071	0.8246567894522224	0.0	0.0
atp4	596	C	0	4238	0	17771	0	0	34	0	22009	34	17771	4238	22009	0.8074424099232133	0.0	0.0
atp4	600	C	0	1477	0	21366	0	0	34	0	22843	34	21366	1477	22843	0.9353412423937312	0.0	0.0
atp4	601	C	0	19936	0	3035	0	0	33	0	22971	33	3035	19936	22971	0.13212311174959732	0.0	0.0
atp4	608	C	0	1514	0	21188	0	0	31	0	22702	31	21188	1514	22702	0.9333098405426835	0.0	0.0
atp4	619	C	0	19842	0	1573	0	0	30	0	21415	30	1573	19842	21415	0.07345318701844501	1.397963645517454e-49	5.071942424582244e-48
atp4	637	C	0	16910	0	2591	0	0	26	0	19501	26	2591	16910	19501	0.13286498128301114	0.0	0.0
atp4	677	T	0	11276	0	2052	18	0	0	0	13328	18	11276	2052	13328	0.8460384153661464	0.0	0.0
atp4	680	C	0	1201	0	11600	0	0	18	0	12801	18	11600	1201	12801	0.906179204749629	0.0	0.0
atp4	719	C	0	1097	0	4919	0	0	10	0	6016	10	4919	1097	6016	0.8176529255319149	0.0	0.0
atp6	379	C	0	4367	0	9353	0	0	104	0	13720	104	9353	4367	13720	0.6817055393586006	0.0	0.0
atp6	391	T	0	13892	0	1176	84	0	0	0	15068	84	13892	1176	15068	0.9219538093973985	0.0	0.0
atp6	394	C	0	1543	0	13893	0	0	86	0	15436	86	13893	1543	15436	0.90003887017362	0.0	0.0
atp6	399	T	0	14460	0	1642	68	0	0	0	16102	68	14460	1642	16102	0.8980250900509253	0.0	0.0
atp6	402	C	0	1919	0	14346	0	0	62	0	16265	62	14346	1919	16265	0.8820166000614817	0.0	0.0
atp6	403	C	0	1861	0	14525	0	0	57	0	16386	57	14525	1861	16386	0.8864274380568778	0.0	0.0
atp6	407	C	0	13912	0	2873	0	0	65	0	16785	65	2873	13912	16785	0.17116473041406016	0.0	0.0
atp6	415	T	0	14506	0	3016	64	0	0	0	17522	64	14506	3016	17522	0.827873530418902	0.0	0.0
atp6	418	C	0	1510	0	16530	0	0	60	0	18040	60	16530	1510	18040	0.9162971175166297	0.0	0.0
atp6	423	T	0	16598	0	1523	57	0	0	0	18121	57	16598	1523	18121	0.9159538656807019	0.0	0.0
atp6	442	C	0	2054	0	18799	0	0	57	0	20853	57	18799	2054	20853	0.90150098307198	0.0	0.0
atp6	451	T	0	20345	0	1936	62	0	0	0	22281	62	20345	1936	22281	0.91310982451416	0.0	0.0
atp6	457	T	0	18665	0	3971	63	0	0	0	22636	63	18665	3971	22636	0.8245714790599046	0.0	0.0
atp6	469	C	0	306	0	22236	0	0	53	0	22542	53	22236	306	22542	0.9864253393665159	0.0	0.0
atp6	472	C	0	3350	0	19419	0	0	56	0	22769	56	19419	3350	22769	0.8528701304405112	0.0	0.0
atp6	478	C	0	2024	0	21637	0	0	57	0	23661	57	21637	2024	23661	0.9144583914458392	0.0	0.0
atp6	481	C	0	1573	0	22190	0	0	63	0	23763	63	22190	1573	23763	0.9338046542944914	0.0	0.0
atp6	482	C	0	21469	0	2556	0	0	61	0	24025	61	2556	21469	24025	0.1063891779396462	3.4262112431426784e-270	1.32503380881484e-268
atp6	488	C	0	21537	0	2057	0	0	62	0	23594	62	2057	21537	23594	0.0871831821649572	1.18433061122101e-125	4.414712230064281e-124
atp6	499	C	0	880	0	24812	0	0	62	0	25692	62	24812	880	25692	0.9657480927915304	0.0	0.0
atp6	544	T	0	23309	0	2301	53	0	0	0	25610	53	23309	2301	25610	0.9101522842639594	0.0	0.0
atp6	555	T	0	21248	0	3478	52	0	0	0	24726	52	21248	3478	24726	0.8593383482973388	0.0	0.0
atp6	574	C	0	2199	0	21134	0	0	53	0	23333	53	21134	2199	23333	0.9057557965113787	0.0	0.0
atp6	589	C	0	1098	0	19560	0	0	44	0	20658	44	19560	1098	20658	0.9468486784780714	0.0	0.0
atp6	590	C	0	2464	0	18190	0	0	45	0	20654	45	18190	2464	20654	0.8807010748523288	0.0	0.0
atp6	594	C	0	14873	0	5724	0	0	45	0	20597	45	5724	14873	20597	0.27790454920619506	0.0	0.0
atp6	595	C	0	1398	0	19227	0	0	47	0	20625	47	19227	1398	20625	0.9322181818181818	0.0	0.0
atp6	606	T	0	15844	0	3583	50	0	0	0	19427	50	15844	3583	19427	0.8155659648942194	0.0	0.0
atp6	627	T	0	12166	0	884	53	0	0	0	13050	53	12166	884	13050	0.9322605363984674	0.0	0.0
atp6	630	T	0	10392	0	2627	50	0	0	0	13019	50	10392	2627	13019	0.7982179890928642	0.0	0.0
atp6	634	C	0	616	0	12288	0	0	54	0	12904	54	12288	616	12904	0.9522628642281463	0.0	0.0
atp6	637	C	0	586	0	12331	0	0	53	0	12917	53	12331	586	12917	0.9546334288147402	0.0	0.0
atp6	640	T	0	11440	0	675	52	0	0	0	12115	52	11440	675	12115	0.9442839455220801	0.0	0.0
atp6	642	C	0	9026	0	1673	0	0	52	0	10699	52	1673	9026	10699	0.15636975418263388	0.0	0.0
atp6	643	C	0	351	0	9859	0	0	49	0	10210	49	9859	351	10210	0.9656219392752203	0.0	0.0
atp6	648	C	0	1214	0	7102	0	0	47	0	8316	47	7102	1214	8316	0.854016354016354	0.0	0.0
atp6	667	C	0	515	0	5919	0	0	45	0	6434	45	5919	515	6434	0.9199564811936587	0.0	0.0
atp6	675	C	0	245	0	6298	0	0	40	0	6543	40	6298	245	6543	0.9625554027204646	0.0	0.0
atp6	684	T	0	5772	0	1078	39	0	0	0	6850	39	5772	1078	6850	0.8426277372262774	0.0	0.0
atp6	697	T	0	6795	0	694	43	0	0	0	7489	43	6795	694	7489	0.9073307517692616	0.0	0.0
atp6	709	T	0	7097	0	960	41	0	0	0	8057	41	7097	960	8057	0.8808489512225394	0.0	0.0
atp6	715	T	0	6392	0	971	40	0	0	0	7363	40	6392	971	7363	0.868124405812848	0.0	0.0
atp6	724	C	0	547	0	7413	0	0	52	0	7960	52	7413	547	7960	0.9312814070351759	0.0	0.0
atp6	733	T	0	7822	0	629	56	0	0	0	8451	56	7822	629	8451	0.9255709383504911	0.0	0.0
atp6	741	T	0	6460	0	895	60	0	0	0	7355	60	6460	895	7355	0.8783140720598233	0.0	0.0
atp6	742	C	0	1126	0	6357	0	0	61	0	7483	61	6357	1126	7483	0.8495255913403715	0.0	0.0
atp6	744	C	0	983	0	6744	0	0	60	0	7727	60	6744	983	7727	0.872783745308658	0.0	0.0
atp6	745	T	0	6770	0	1025	61	0	0	0	7795	61	6770	1025	7795	0.868505452212957	0.0	0.0
atp6	757	C	0	898	0	8095	0	0	61	0	8993	61	8095	898	8993	0.9001445568775714	0.0	0.0
atp6	759	C	0	1149	0	7804	0	0	61	0	8953	61	7804	1149	8953	0.8716631296772032	0.0	0.0
atp6	766	C	0	1250	0	8620	0	0	65	0	9870	65	8620	1250	9870	0.8733535967578521	0.0	0.0
atp6	769	T	0	8419	0	1913	63	0	0	0	10332	63	8419	1913	10332	0.8148470770421989	0.0	0.0
atp6	781	C	0	2081	0	9631	0	0	67	0	11712	67	9631	2081	11712	0.8223189890710383	0.0	0.0
atp6	783	T	0	8287	0	4093	68	0	0	0	12380	68	8287	4093	12380	0.6693861066235864	0.0	0.0
atp6	796	C	0	1241	0	11272	0	0	69	0	12513	69	11272	1241	12513	0.9008231439303125	0.0	0.0
atp6	801	C	0	2526	0	10899	0	0	68	0	13425	68	10899	2526	13425	0.8118435754189944	0.0	0.0
atp6	802	C	0	2572	0	10914	0	0	68	0	13486	68	10914	2572	13486	0.8092837016164912	0.0	0.0
atp6	806	C	0	9234	0	4300	0	0	69	0	13534	69	4300	9234	13534	0.3177183389980789	0.0	0.0
atp6	810	C	0	2265	0	11693	0	0	67	0	13958	67	11693	2265	13958	0.8377274681186416	0.0	0.0
atp6	820	T	0	12984	0	1651	67	0	0	0	14635	67	12984	1651	14635	0.8871882473522378	0.0	0.0
atp6	834	C	0	15698	0	1016	0	0	66	0	16714	66	1016	15698	16714	0.06078736388656216	3.062188879499538e-10	1.0714907986489127e-8
atp6	835	C	0	707	0	16197	0	0	65	0	16904	65	16197	707	16904	0.9581755797444392	0.0	0.0
atp6	853	C	0	591	0	16324	0	0	67	0	16915	67	16324	591	16915	0.9650605971031628	0.0	0.0
atp6	858	T	0	16039	0	1395	66	0	0	0	17434	66	16039	1395	17434	0.9199839394287025	0.0	0.0
atp6	862	C	0	605	0	17198	0	0	67	0	17803	67	17198	605	17803	0.9660169634331293	0.0	0.0
atp6	873	C	0	1387	0	17382	0	0	65	0	18769	65	17382	1387	18769	0.9261015504288987	0.0	0.0
atp6	874	T	0	17684	0	1185	62	0	0	0	18869	62	17684	1185	18869	0.9371985796809582	0.0	0.0
atp6	879	C	0	866	0	18760	0	0	58	0	19626	58	18760	866	19626	0.9558748598797514	0.0	0.0
atp6	906	T	0	18188	0	589	68	0	0	0	18777	68	18188	589	18777	0.9686318368216436	0.0	0.0
atp6	933	T	0	18377	0	652	74	0	0	0	19029	74	18377	652	19029	0.9657365074360187	0.0	0.0
atp6	940	C	0	692	0	20314	0	0	79	0	21006	79	20314	692	21006	0.9670570313243835	0.0	0.0
atp6	952	C	0	1009	0	19899	0	0	76	0	20908	76	19899	1009	20908	0.9517409603979338	0.0	0.0
atp6	966	C	0	1010	0	20004	0	0	84	0	21014	84	20004	1010	21014	0.9519368040354049	0.0	0.0
atp6	1015	T	0	16294	0	927	86	0	0	0	17221	86	16294	927	17221	0.9461703733813367	0.0	0.0
atp6	1036	C	0	418	0	15105	0	0	75	0	15523	75	15105	418	15523	0.9730722154222766	0.0	0.0
atp6	1051	C	0	450	0	12344	0	0	70	0	12794	70	12344	450	12794	0.9648272627794279	0.0	0.0
atp6	1060	T	0	8728	0	727	78	0	0	0	9455	78	8728	727	9455	0.9231094658910629	0.0	0.0
atp6	1068	T	0	8330	0	891	77	0	0	0	9221	77	8330	891	9221	0.9033727361457543	0.0	0.0
atp6	1079	C	0	8074	0	624	0	0	78	0	8698	78	624	8074	8698	0.07174063002989194	1.1189858470571045e-18	3.9640432429694027e-17
atp6	1080	C	0	874	0	7778	0	0	80	0	8652	80	7778	874	8652	0.8989828941285252	0.0	0.0
atp6	1081	C	0	620	0	8001	0	0	82	0	8621	82	8001	620	8621	0.9280825890267951	0.0	0.0
atp6	1084	T	0	7659	0	806	80	0	0	0	8465	80	7659	806	8465	0.9047844063792085	0.0	0.0
atp6	1090	C	0	336	0	7771	0	0	81	0	8107	81	7771	336	8107	0.9585543357592204	0.0	0.0
atp6	1095	C	0	320	0	6685	0	0	82	0	7005	82	6685	320	7005	0.9543183440399714	0.0	0.0
atp6	1101	C	0	320	0	6680	0	0	83	0	7000	83	6680	320	7000	0.9542857142857143	0.0	0.0
atp6	1148	T	0	98	0	351	66	0	0	0	449	66	98	351	449	0.2182628062360802	5.539649890823468e-35	1.9979841727126278e-33
atp8	78	C	0	1454	0	5004	0	0	18	0	6458	18	5004	1454	6458	0.774852895633323	0.0	0.0
atp8	79	T	0	4732	0	1773	19	0	0	0	6505	19	4732	1773	6505	0.7274404304381246	0.0	0.0
atp8	83	C	0	1208	0	5583	0	0	18	0	6791	18	5583	1208	6791	0.8221175084670888	0.0	0.0
atp8	88	T	0	5094	0	1864	20	0	0	0	6958	20	5094	1864	6958	0.7321069272779535	0.0	0.0
atp8	95	T	0	5753	0	1521	19	0	0	0	7274	19	5753	1521	7274	0.7908990926587847	0.0	0.0
atp8	97	C	0	1850	0	5435	0	0	20	0	7285	20	5435	1850	7285	0.7460535346602608	0.0	0.0
atp8	102	C	0	5267	0	2028	0	0	23	0	7295	23	2028	5267	7295	0.2779986291980809	0.0	0.0
atp8	106	T	0	4903	0	2456	23	0	0	0	7359	23	4903	2456	7359	0.6662590025818725	0.0	0.0
atp8	111	C	0	6777	0	647	0	0	25	0	7424	25	647	6777	7424	0.08714978448275862	7.045694757751047e-41	2.5454578997591473e-39
atp8	115	C	0	1660	0	5816	0	0	34	0	7476	34	5816	1660	7476	0.777956126270733	0.0	0.0
atp8	121	C	0	1280	0	6184	0	0	38	0	7464	38	6184	1280	7464	0.8285101822079314	0.0	0.0
atp8	130	C	0	1813	0	6217	0	0	40	0	8030	40	6217	1813	8030	0.7742216687422167	0.0	0.0
atp8	142	C	0	1598	0	6457	0	0	37	0	8055	37	6457	1598	8055	0.8016139044072005	0.0	0.0
atp8	152	C	0	1610	0	6675	0	0	36	0	8285	36	6675	1610	8285	0.8056729028364514	0.0	0.0
atp8	154	C	0	1757	0	6652	0	0	37	0	8409	37	6652	1757	8409	0.791057200618385	0.0	0.0
atp8	177	C	0	7775	0	984	0	0	34	0	8759	34	984	7775	8759	0.11234159150587966	4.0468574648622115e-119	1.5071947660456596e-117
atp8	181	T	0	7043	0	1938	32	0	0	0	8981	32	7043	1938	8981	0.7842111123482909	0.0	0.0
atp8	188	C	0	1345	0	8120	0	0	35	0	9465	35	8120	1345	9465	0.8578975171685156	0.0	0.0
atp8	194	C	0	1983	0	7544	0	0	36	0	9527	36	7544	1983	9527	0.7918547286658969	0.0	0.0
atp8	196	T	0	7281	0	2432	36	0	0	0	9713	36	7281	2432	9713	0.7496139194893442	0.0	0.0
atp8	244	T	0	7681	0	1694	34	0	0	0	9375	34	7681	1694	9375	0.8193066666666666	0.0	0.0
atp8	266	C	0	1619	0	8400	0	0	32	0	10019	32	8400	1619	10019	0.8384070266493662	0.0	0.0
atp8	325	T	0	9032	0	2070	25	0	0	0	11102	25	9032	2070	11102	0.8135471086290759	0.0	0.0
atp8	351	C	0	9904	0	702	0	0	32	0	10606	32	702	9904	10606	0.06618894965114086	1.5479969765724266e-13	5.461233832923811e-12
atp8	377	C	0	2867	0	7926	0	0	27	0	10793	27	7926	2867	10793	0.7343648661169276	0.0	0.0
atp8	388	C	0	1598	0	9071	0	0	24	0	10669	24	9071	1598	10669	0.8502202643171806	0.0	0.0
atp8	415	C	0	1572	0	9320	0	0	22	0	10892	22	9320	1572	10892	0.8556738890929122	0.0	0.0
atp8	418	C	0	1887	0	9025	0	0	22	0	10912	22	9025	1887	10912	0.8270711143695014	0.0	0.0
atp8	428	C	0	1700	0	9000	0	0	21	0	10700	21	9000	1700	10700	0.8411214953271028	0.0	0.0
atp8	436	T	0	8553	0	2356	21	0	0	0	10909	21	8553	2356	10909	0.7840315335961133	0.0	0.0
atp9	555	C	0	11403	0	77903	0	0	89	0	89306	89	77903	11403	89306	0.8723154099388619	0.0	0.0
atp9	557	C	0	6692	0	85670	0	0	86	0	92362	86	85670	6692	92362	0.9275459604599294	0.0	0.0
atp9	582	T	0	104088	0	6204	100	0	0	0	110292	100	104088	6204	110292	0.9437493199869438	0.0	0.0
atp9	594	T	0	113280	0	6962	98	0	0	0	120242	98	113280	6962	120242	0.9421000981354269	0.0	0.0
atp9	603	C	0	5240	0	124306	0	0	99	0	129546	99	124306	5240	129546	0.9595510475043614	0.0	0.0
atp9	615	T	0	126339	0	11009	97	0	0	0	137348	97	126339	11009	137348	0.9198459387832367	0.0	0.0
atp9	618	C	0	11148	0	127369	0	0	93	0	138517	93	127369	11148	138517	0.9195189038168601	0.0	0.0
atp9	624	C	0	14967	0	125241	0	0	91	0	140208	91	125241	14967	140208	0.8932514549811709	0.0	0.0
atp9	636	C	0	6224	0	139350	0	0	93	0	145574	93	139350	6224	145574	0.9572451124513993	0.0	0.0
atp9	641	C	0	19106	0	127736	0	0	98	0	146842	98	127736	19106	146842	0.8698873619264244	0.0	0.0
atp9	645	C	0	12656	0	136438	0	0	102	0	149094	102	136438	12656	149094	0.9151139549545924	0.0	0.0
atp9	648	C	0	16732	0	132374	0	0	99	0	149106	99	132374	16732	149106	0.8877845291269298	0.0	0.0
atp9	654	T	0	129271	0	20631	98	0	0	0	149902	98	129271	20631	149902	0.8623700817867673	0.0	0.0
atp9	662	T	0	117560	0	27949	106	0	0	0	145509	106	117560	27949	145509	0.8079225340013333	0.0	0.0
atp9	668	T	0	128772	0	16803	105	0	0	0	145575	105	128772	16803	145575	0.8845749613601237	0.0	0.0
atp9	669	T	0	131264	0	14771	104	0	0	0	146035	104	131264	14771	146035	0.8988530146882596	0.0	0.0
atp9	672	T	0	122692	0	23188	104	0	0	0	145880	104	122692	23188	145880	0.8410474362489717	0.0	0.0
atp9	683	T	0	110844	0	28395	103	0	0	0	139239	103	110844	28395	139239	0.7960700665761747	0.0	0.0
atp9	687	C	0	10129	0	127343	0	0	99	0	137472	99	127343	10129	137472	0.926319541433892	0.0	0.0
atp9	691	C	0	127561	0	8230	0	0	101	0	135791	101	8230	127561	135791	0.06060784588080211	5.950457079890789e-68	2.1754738964623784e-66
atp9	699	T	0	121802	0	4509	94	0	0	0	126311	94	121802	4509	126311	0.964302396465866	0.0	0.0
atp9	705	C	0	9913	0	116562	0	0	97	0	126475	97	116562	9913	126475	0.9216208736904526	0.0	0.0
atp9	726	T	0	108462	0	4701	102	0	0	0	113163	102	108462	4701	113163	0.958458153283317	0.0	0.0
atp9	732	T	0	101922	0	7645	108	0	0	0	109567	108	101922	7645	109567	0.9302253415718237	0.0	0.0
atp9	735	C	0	10076	0	97489	0	0	117	0	107565	117	97489	10076	107565	0.9063264072886161	0.0	0.0
atp9	738	C	0	5626	0	100526	0	0	119	0	106152	119	100526	5626	106152	0.9470005275454065	0.0	0.0
atp9	744	C	0	2615	0	101854	0	0	128	0	104469	128	101854	2615	104469	0.9749686509873743	0.0	0.0
atp9	747	C	0	2208	0	100107	0	0	135	0	102315	135	100107	2208	102315	0.978419586570884	0.0	0.0
atp9	759	C	0	3689	0	55064	0	0	139	0	58753	139	55064	3689	58753	0.9372117168485014	0.0	0.0
atp9	762	C	0	4748	0	53740	0	0	135	0	58488	135	53740	4748	58488	0.9188209547257558	0.0	0.0
atp9	765	C	0	5131	0	52875	0	0	131	0	58006	131	52875	5131	58006	0.9115436334172327	0.0	0.0
atp9	774	C	0	3554	0	53013	0	0	123	0	56567	123	53013	3554	56567	0.937171849311436	0.0	0.0
atp9	776	C	0	4892	0	51787	0	0	129	0	56679	129	51787	4892	56679	0.9136893734892994	0.0	0.0
atp9	827	T	0	171	0	597	156	0	0	0	768	156	171	597	768	0.22265625	5.1238633255888244e-61	1.8676907174410044e-59
cob	35	C	0	970	0	148	0	0	0	0	1118	0	148	970	1118	0.13237924865831843	2.279011262264988e-26	8.147631787428605e-25
cob	103	C	0	821	0	3693	0	0	8	0	4514	8	3693	821	4514	0.8181214000886132	0.0	0.0
cob	107	T	0	4364	0	481	11	0	0	0	4845	11	4364	481	4845	0.9007223942208462	0.0	0.0
cob	113	C	0	137	0	4890	0	0	12	0	5027	12	4890	137	5027	0.9727471653073404	0.0	0.0
cob	125	T	0	4644	0	733	12	0	0	0	5377	12	4644	733	5377	0.8636786312069927	0.0	0.0
cob	145	T	0	439	0	5502	11	0	0	0	5941	11	439	5502	5941	0.07389328395892947	1.4293434414658864e-15	5.057217912753454e-14
cob	149	T	0	4703	0	1268	12	0	0	0	5971	12	4703	1268	5971	0.7876402612627701	0.0	0.0
cob	156	C	0	174	0	5951	0	0	12	0	6125	12	5951	174	6125	0.9715918367346938	0.0	0.0
cob	164	C	0	199	0	6668	0	0	12	0	6867	12	6668	199	6867	0.9710208242318334	0.0	0.0
cob	168	T	0	6788	0	282	12	0	0	0	7070	12	6788	282	7070	0.9601131541725602	0.0	0.0
cob	171	T	0	6794	0	357	12	0	0	0	7151	12	6794	357	7151	0.9500769123199553	0.0	0.0
cob	174	T	0	6875	0	295	12	0	0	0	7170	12	6875	295	7170	0.9588563458856346	0.0	0.0
cob	188	C	0	394	0	7065	0	0	12	0	7459	12	7065	394	7459	0.9471779058855074	0.0	0.0
cob	191	C	0	292	0	7227	0	0	12	0	7519	12	7227	292	7519	0.9611650485436893	0.0	0.0
cob	207	T	0	7654	0	515	13	0	0	0	8169	13	7654	515	8169	0.9369567878565308	0.0	0.0
cob	214	C	0	1560	0	6785	0	0	13	0	8345	13	6785	1560	8345	0.8130617136009587	0.0	0.0
cob	221	C	0	494	0	7341	0	0	13	0	7835	13	7341	494	7835	0.9369495851946394	0.0	0.0
cob	225	C	0	270	0	7768	0	0	14	0	8038	14	7768	270	8038	0.966409554615576	0.0	0.0
cob	229	C	0	3543	0	4703	0	0	13	0	8246	13	4703	3543	8246	0.5703371331554693	0.0	0.0
cob	233	T	0	7373	0	1185	14	0	0	0	8558	14	7373	1185	8558	0.8615330684739425	0.0	0.0
cob	243	T	0	8562	0	334	12	0	0	0	8896	12	8562	334	8896	0.9624550359712231	0.0	0.0
cob	244	C	0	934	0	7934	0	0	12	0	8868	12	7934	934	8868	0.8946774921064502	0.0	0.0
cob	255	C	0	280	0	8440	0	0	13	0	8720	13	8440	280	8720	0.9678899082568807	0.0	0.0
cob	263	T	0	8666	0	375	16	0	0	0	9041	16	8666	375	9041	0.9585222873575932	0.0	0.0
cob	290	C	0	369	0	8745	0	0	9	0	9114	9	8745	369	9114	0.9595128373930217	0.0	0.0
cob	341	T	0	10127	0	397	14	0	0	0	10524	14	10127	397	10524	0.9622767008741924	0.0	0.0
cob	350	T	0	10052	0	712	12	0	0	0	10764	12	10052	712	10764	0.933853586027499	0.0	0.0
cob	381	C	0	795	0	9507	0	0	12	0	10302	12	9507	795	10302	0.9228305183459522	0.0	0.0
cob	386	C	0	443	0	9993	0	0	12	0	10436	12	9993	443	10436	0.9575507857416635	0.0	0.0
cob	392	T	0	10212	0	586	12	0	0	0	10798	12	10212	586	10798	0.9457306908686793	0.0	0.0
cob	401	T	0	10639	0	588	15	0	0	0	11227	15	10639	588	11227	0.9476262581277278	0.0	0.0
cob	408	C	0	1024	0	9865	0	0	16	0	10889	16	9865	1024	10889	0.9059601432638442	0.0	0.0
cob	413	C	0	751	0	10632	0	0	15	0	11383	15	10632	751	11383	0.9340244223842572	0.0	0.0
cob	426	T	0	11426	0	731	15	0	0	0	12157	15	11426	731	12157	0.9398700337254257	0.0	0.0
cob	427	C	0	11486	0	750	0	0	15	0	12236	15	750	11486	12236	0.061294540699575024	1.5836873513119153e-8	5.518928045640217e-7
cob	432	T	0	11638	0	527	15	0	0	0	12165	15	11638	527	12165	0.9566789971228935	0.0	0.0
cob	446	C	0	714	0	12227	0	0	15	0	12941	15	12227	714	12941	0.9448265203616413	0.0	0.0
cob	465	C	0	859	0	11828	0	0	14	0	12687	14	11828	859	12687	0.9322928982422952	0.0	0.0
cob	474	C	0	384	0	12679	0	0	14	0	13063	14	12679	384	13063	0.9706039960192911	0.0	0.0
cob	477	C	0	888	0	12282	0	0	9	0	13170	9	12282	888	13170	0.9325740318906606	0.0	0.0
cob	487	C	0	764	0	12569	0	0	7	0	13333	7	12569	764	13333	0.9426985674641866	0.0	0.0
cob	493	C	0	12795	0	768	0	0	7	0	13563	7	768	12795	13563	0.05662464056624641	0.0002735552772138725	0.009421811545005392
cob	495	C	0	921	0	12616	0	0	7	0	13537	7	12616	921	13537	0.9319642461402083	0.0	0.0
cob	500	C	0	560	0	12947	0	0	10	0	13507	10	12947	560	13507	0.9585400162878508	0.0	0.0
cob	509	T	0	12263	0	1502	10	0	0	0	13765	10	12263	1502	13765	0.8908826734471486	0.0	0.0
cob	510	T	0	12555	0	1301	10	0	0	0	13856	10	12555	1301	13856	0.9061056581986143	0.0	0.0
cob	511	C	0	1244	0	12401	0	0	11	0	13645	11	12401	1244	13645	0.9088310736533529	0.0	0.0
cob	512	C	0	752	0	12961	0	0	9	0	13713	9	12961	752	13713	0.9451615255596879	0.0	0.0
cob	518	T	0	10720	0	2931	9	0	0	0	13651	9	10720	2931	13651	0.7852904549117281	0.0	0.0
cob	530	C	0	953	0	13267	0	0	6	0	14220	6	13267	953	14220	0.9329817158931083	0.0	0.0
cob	540	T	0	14455	0	571	7	0	0	0	15026	7	14455	571	15026	0.9619992013842673	0.0	0.0
cob	555	C	0	541	0	14311	0	0	7	0	14852	7	14311	541	14852	0.9635739294371128	0.0	0.0
cob	564	T	0	14199	0	432	8	0	0	0	14631	8	14199	432	14631	0.9704736518351446	0.0	0.0
cob	569	T	0	13748	0	570	11	0	0	0	14318	11	13748	570	14318	0.9601899706662942	0.0	0.0
cob	570	T	0	13924	0	490	11	0	0	0	14414	11	13924	490	14414	0.9660052726515888	0.0	0.0
cob	596	C	0	498	0	15793	0	0	11	0	16291	11	15793	498	16291	0.9694309741575102	0.0	0.0
cob	645	C	0	785	0	15356	0	0	14	0	16141	14	15356	785	16141	0.951366086363918	0.0	0.0
cob	653	T	0	14436	0	877	13	0	0	0	15313	13	14436	877	15313	0.9427284007052831	0.0	0.0
cob	656	C	0	499	0	14821	0	0	12	0	15320	12	14821	499	15320	0.9674281984334203	0.0	0.0
cob	660	C	0	879	0	14285	0	0	9	0	15164	9	14285	879	15164	0.9420337641783171	0.0	0.0
cob	666	T	0	12957	0	1164	9	0	0	0	14121	9	12957	1164	14121	0.917569577225409	0.0	0.0
cob	690	C	0	338	0	13396	0	0	11	0	13734	11	13396	338	13734	0.9753895441968836	0.0	0.0
cob	695	T	0	13462	0	428	6	0	0	0	13890	6	13462	428	13890	0.9691864650827934	0.0	0.0
cob	699	C	0	449	0	13503	0	0	7	0	13952	7	13503	449	13952	0.9678182339449541	0.0	0.0
cob	710	T	0	13618	0	645	7	0	0	0	14263	7	13618	645	14263	0.9547780971745075	0.0	0.0
cob	713	T	0	13132	0	1128	7	0	0	0	14260	7	13132	1128	14260	0.9208976157082749	0.0	0.0
cob	770	C	0	439	0	9860	0	0	1	0	10299	1	9860	439	10299	0.9573745023788718	0.0	0.0
cob	774	T	0	10005	0	317	1	0	0	0	10322	1	10005	317	10322	0.9692888975004844	0.0	0.0
cob	786	C	0	465	0	9772	0	0	1	0	10237	1	9772	465	10237	0.954576536094559	0.0	0.0
cob	803	C	0	366	0	10937	0	0	2	0	11303	2	10937	366	11303	0.9676192161373087	0.0	0.0
cob	832	C	0	10287	0	1738	0	0	6	0	12025	6	1738	10287	12025	0.14453222453222453	0.0	0.0
cob	833	C	0	331	0	11697	0	0	5	0	12028	5	11697	331	12028	0.9724808779514467	0.0	0.0
cob	863	T	0	10813	0	324	6	0	0	0	11137	6	10813	324	11137	0.9709077848612733	0.0	0.0
cob	866	T	0	10671	0	574	6	0	0	0	11245	6	10671	574	11245	0.9489550911516229	0.0	0.0
cob	897	T	0	11073	0	505	4	0	0	0	11578	4	11073	505	11578	0.9563827949559509	0.0	0.0
cob	903	T	0	10689	0	678	4	0	0	0	11367	4	10689	678	11367	0.9403536553180258	0.0	0.0
cob	908	T	0	9317	0	238	7	0	0	0	9555	7	9317	238	9555	0.9750915750915751	0.0	0.0
cob	917	T	0	9144	0	682	7	0	0	0	9826	7	9144	682	9826	0.9305923061266029	0.0	0.0
cob	918	T	0	9269	0	568	7	0	0	0	9837	7	9269	568	9837	0.9422588187455525	0.0	0.0
cob	929	C	0	516	0	9513	0	0	7	0	10029	7	9513	516	10029	0.9485492072988334	0.0	0.0
cob	930	C	0	829	0	9257	0	0	7	0	10086	7	9257	829	10086	0.9178068609954392	0.0	0.0
cob	935	T	0	9468	0	1061	7	0	0	0	10529	7	9468	1061	10529	0.899230696172476	0.0	0.0
cob	951	C	0	321	0	10922	0	0	7	0	11243	7	10922	321	11243	0.9714489015387352	0.0	0.0
cob	953	T	0	9897	0	1409	7	0	0	0	11306	7	9897	1409	11306	0.8753759065982664	0.0	0.0
cob	961	C	0	10257	0	1368	0	0	7	0	11625	7	1368	10257	11625	0.1176774193548387	9.359153526950882e-182	3.534886645073292e-180
cob	963	T	0	10925	0	367	7	0	0	0	11292	7	10925	367	11292	0.9674991144172865	0.0	0.0
cob	990	C	0	410	0	11931	0	0	7	0	12341	7	11931	410	12341	0.9667774086378738	0.0	0.0
cob	996	C	0	373	0	11392	0	0	7	0	11765	7	11392	373	11765	0.9682957926051848	0.0	0.0
cob	1011	C	0	502	0	12818	0	0	7	0	13320	7	12818	502	13320	0.9623123123123123	0.0	0.0
cob	1020	C	0	562	0	13251	0	0	7	0	13813	7	13251	562	13813	0.9593136900021718	0.0	0.0
cob	1023	T	0	14169	0	367	7	0	0	0	14536	7	14169	367	14536	0.9747523390203633	0.0	0.0
cob	1053	T	0	12131	0	2385	0	0	0	0	14516	0	12131	2385	14516	0.8356985395425737	0.0	0.0
cob	1061	T	0	14819	0	696	0	0	0	0	15515	0	14819	696	15515	0.9551401869158879	0.0	0.0
cob	1073	T	0	15224	0	891	0	0	0	0	16115	0	15224	891	16115	0.9447098976109215	0.0	0.0
cob	1085	C	0	668	0	16524	0	0	0	0	17192	0	16524	668	17192	0.9611447184737087	0.0	0.0
cob	1130	T	0	17870	0	446	2	0	0	0	18316	2	17870	446	18316	0.9756497051758026	0.0	0.0
cob	1148	C	0	402	0	16314	0	0	2	0	16716	2	16314	402	16716	0.9759511844938981	0.0	0.0
cob	1163	T	0	14856	0	720	2	0	0	0	15576	2	14856	720	15576	0.9537750385208013	0.0	0.0
cob	1173	T	0	12058	0	364	1	0	0	0	12422	1	12058	364	12422	0.9706971502173563	0.0	0.0
cob	1185	C	0	323	0	11892	0	0	2	0	12215	2	11892	323	12215	0.9735571019238641	0.0	0.0
cob	1194	C	0	334	0	11829	0	0	2	0	12163	2	11829	334	12163	0.9725396694894352	0.0	0.0
cob	1195	C	0	3710	0	8479	0	0	2	0	12189	2	8479	3710	12189	0.6956272048568382	0.0	0.0
cob	1201	C	0	3845	0	8078	0	0	2	0	11923	2	8078	3845	11923	0.6775140484777321	0.0	0.0
cob	1264	T	0	326	0	4047	1	0	0	0	4373	1	326	4047	4373	0.07454836496684199	1.8931703037690907e-12	6.651576566254446e-11
cob	1271	T	0	40	0	38	1	0	0	0	78	1	40	38	78	0.5128205128205128	3.6124797736766513e-31	1.2974469616674326e-29
cob	1272	T	0	40	0	37	1	0	0	0	77	1	40	37	77	0.5194805194805194	1.8500668479606527e-31	6.650221398947733e-30
cox1	19	A	0	0	0	0	0	7	0	2	0	9	7	2	9	0.7777777777777778	2.5718750000000036e-8	8.958976937550867e-7
cox1	148	T	0	9	0	0	0	0	0	0	9	0	9	0	9	1.0	1.953125000000001e-12	6.859410249179658e-11
cox1	1349	G	0	0	11	0	0	247	0	70	11	317	70	247	317	0.22082018927444794	8.469268547183448e-26	3.02403745127393e-24
cox1	1434	G	0	0	6	0	0	253	0	42	6	295	42	253	295	0.1423728813559322	1.3578068733992055e-9	4.7433495683827077e-8
cox1	1624	G	0	0	1	0	0	324	0	402	1	726	402	324	726	0.5537190082644629	9.67237354e-316	3.7833606207e-314
cox1	1719	T	0	7388	0	561	4	0	0	0	7949	4	7388	561	7949	0.9294250849163417	0.0	0.0
cox1	1733	C	0	6740	0	3056	0	0	6	0	9796	6	3056	6740	9796	0.3119640669661086	0.0	0.0
cox1	1737	T	0	9481	0	997	6	0	0	0	10478	6	9481	997	10478	0.9048482534834892	0.0	0.0
cox1	1761	T	0	11657	0	354	8	0	0	0	12011	8	11657	354	12011	0.9705270169011739	0.0	0.0
cox1	1782	C	0	369	0	13275	0	0	10	0	13644	10	13275	369	13644	0.9729551451187335	0.0	0.0
cox1	1786	C	0	953	0	13068	0	0	14	0	14021	14	13068	953	14021	0.9320305256401112	0.0	0.0
cox1	1798	T	0	13832	0	784	15	0	0	0	14616	15	13832	784	14616	0.946360153256705	0.0	0.0
cox1	1821	C	0	549	0	14732	0	0	16	0	15281	16	14732	549	15281	0.964073031869642	0.0	0.0
cox1	1828	T	0	14163	0	1221	18	0	0	0	15384	18	14163	1221	15384	0.9206318252730109	0.0	0.0
cox1	1839	T	0	13193	0	2349	18	0	0	0	15542	18	13193	2349	15542	0.8488611504310899	0.0	0.0
cox1	1849	C	0	1199	0	15124	0	0	19	0	16323	19	15124	1199	16323	0.9265453654352753	0.0	0.0
cox1	1854	T	0	13649	0	2867	19	0	0	0	16516	19	13649	2867	16516	0.8264107532090095	0.0	0.0
cox1	1859	C	0	2108	0	14487	0	0	20	0	16595	20	14487	2108	16595	0.8729737872853269	0.0	0.0
cox1	1866	T	0	11955	0	3404	17	0	0	0	15359	17	11955	3404	15359	0.7783709876945114	0.0	0.0
cox1	1873	C	0	418	0	14678	0	0	16	0	15096	16	14678	418	15096	0.9723105458399576	0.0	0.0
cox1	1887	T	0	7752	0	4684	16	0	0	0	12436	16	7752	4684	12436	0.6233515599871341	0.0	0.0
cox1	1891	C	0	612	0	11856	0	0	16	0	12468	16	11856	612	12468	0.9509143407122232	0.0	0.0
cox1	1909	T	0	11306	0	589	10	0	0	0	11895	10	11306	589	11895	0.9504833963850358	0.0	0.0
cox1	1914	T	0	10594	0	717	13	0	0	0	11311	13	10594	717	11311	0.9366103792768102	0.0	0.0
cox1	1921	C	0	690	0	10579	0	0	15	0	11269	15	10579	690	11269	0.9387700772029461	0.0	0.0
cox1	1927	C	0	678	0	10587	0	0	15	0	11265	15	10587	678	11265	0.9398135818908122	0.0	0.0
cox1	1930	C	0	723	0	10564	0	0	15	0	11287	15	10564	723	11287	0.9359440063790201	0.0	0.0
cox1	1933	C	0	694	0	10713	0	0	15	0	11407	15	10713	694	11407	0.9391601648110809	0.0	0.0
cox1	1935	C	0	821	0	10714	0	0	15	0	11535	15	10714	821	11535	0.928825314260945	0.0	0.0
cox1	1938	C	0	6052	0	5449	0	0	13	0	11501	13	5449	6052	11501	0.4737848882705852	0.0	0.0
cox1	1939	C	0	848	0	10587	0	0	13	0	11435	13	10587	848	11435	0.9258417140358548	0.0	0.0
cox1	1945	C	0	816	0	10505	0	0	14	0	11321	14	10505	816	11321	0.9279215616994965	0.0	0.0
cox1	1948	T	0	10287	0	982	13	0	0	0	11269	13	10287	982	11269	0.9128582837873813	0.0	0.0
cox1	1957	C	0	985	0	9841	0	0	13	0	10826	13	9841	985	10826	0.9090153334564937	0.0	0.0
cox1	1967	C	0	9559	0	1165	0	0	13	0	10724	13	1165	9559	10724	0.10863483774710929	1.6280092717144517e-130	6.079155598430288e-129
cox1	1984	T	0	9546	0	641	11	0	0	0	10187	11	9546	641	10187	0.9370766663394522	0.0	0.0
cox1	1993	C	0	464	0	9834	0	0	11	0	10298	11	9834	464	10298	0.9549427073218101	0.0	0.0
cox1	2008	C	0	463	0	8536	0	0	11	0	8999	11	8536	463	8999	0.9485498388709857	0.0	0.0
cox1	2017	T	0	7277	0	345	13	0	0	0	7622	13	7277	345	7622	0.954736289687746	0.0	0.0
cox1	2019	T	0	7171	0	573	13	0	0	0	7744	13	7171	573	7744	0.9260072314049587	0.0	0.0
cox1	2034	C	0	631	0	7675	0	0	11	0	8306	11	7675	631	8306	0.9240308210931857	0.0	0.0
cox1	2035	T	0	7874	0	509	11	0	0	0	8383	11	7874	509	8383	0.9392818799952284	0.0	0.0
cox1	2040	C	0	320	0	8266	0	0	12	0	8586	12	8266	320	8586	0.9627300256231074	0.0	0.0
cox1	2047	C	0	522	0	7979	0	0	12	0	8501	12	7979	522	8501	0.9385954593577226	0.0	0.0
cox1	2049	T	0	8122	0	428	11	0	0	0	8550	11	8122	428	8550	0.9499415204678363	0.0	0.0
cox1	2052	T	0	7772	0	487	11	0	0	0	8259	11	7772	487	8259	0.9410340234895266	0.0	0.0
cox1	2056	T	0	7890	0	613	11	0	0	0	8503	11	7890	613	8503	0.9279077972480301	0.0	0.0
cox1	2068	C	0	429	0	7882	0	0	10	0	8311	10	7882	429	8311	0.9483816628564553	0.0	0.0
cox1	2070	C	0	460	0	8152	0	0	9	0	8612	9	8152	460	8612	0.9465861588481189	0.0	0.0
cox1	2071	C	0	496	0	8102	0	0	9	0	8598	9	8102	496	8598	0.9423121656199116	0.0	0.0
cox1	2077	T	0	8430	0	814	10	0	0	0	9244	10	8430	814	9244	0.9119428818693206	0.0	0.0
cox1	2083	C	0	839	0	8557	0	0	10	0	9396	10	8557	839	9396	0.9107066836951895	0.0	0.0
cox1	3087	C	0	843	0	950	0	0	30	0	1793	30	950	843	1793	0.5298382598996096	0.0	0.0
cox1	3101	C	0	449	0	1276	0	0	38	0	1725	38	1276	449	1725	0.7397101449275363	0.0	0.0
cox1	3184	C	0	9875	0	1801	0	0	28	0	11676	28	1801	9875	11676	0.15424803014731073	0.0	0.0
cox1	3216	C	0	377	0	9416	0	0	21	0	9793	21	9416	377	9793	0.9615031144695191	0.0	0.0
cox1	3219	C	0	360	0	9597	0	0	21	0	9957	21	9597	360	9957	0.9638445314853872	0.0	0.0
cox1	3227	T	0	9741	0	471	16	0	0	0	10212	16	9741	471	10212	0.9538777908343126	0.0	0.0
cox1	3243	T	0	9480	0	323	14	0	0	0	9803	14	9480	323	9803	0.9670509027848618	0.0	0.0
cox1	3246	T	0	9817	0	555	12	0	0	0	10372	12	9817	555	10372	0.9464905514847667	0.0	0.0
cox1	3258	T	0	9591	0	600	10	0	0	0	10191	10	9591	600	10191	0.9411245216367383	0.0	0.0
cox1	3274	C	0	8966	0	1924	0	0	12	0	10890	12	1924	8966	10890	0.17667584940312214	0.0	0.0
cox1	3276	T	0	10652	0	432	12	0	0	0	11084	12	10652	432	11084	0.9610249007578492	0.0	0.0
cox1	3288	C	0	314	0	10985	0	0	12	0	11299	12	10985	314	11299	0.9722099300823082	0.0	0.0
cox1	3320	T	0	12523	0	404	11	0	0	0	12927	11	12523	404	12927	0.968747582579098	0.0	0.0
cox1	3327	C	0	319	0	12666	0	0	11	0	12985	11	12666	319	12985	0.9754331921447824	0.0	0.0
cox1	3328	C	0	10951	0	2127	0	0	11	0	13078	11	2127	10951	13078	0.16263954733139624	0.0	0.0
cox1	3332	C	0	517	0	12572	0	0	11	0	13089	11	12572	517	13089	0.9605011842004737	0.0	0.0
cox1	3336	T	0	12681	0	496	11	0	0	0	13177	11	12681	496	13177	0.9623586552326022	0.0	0.0
cox1	3342	C	0	389	0	13155	0	0	11	0	13544	11	13155	389	13544	0.9712787950383934	0.0	0.0
cox1	3360	C	0	389	0	13087	0	0	15	0	13476	15	13087	389	13476	0.9711338676165034	0.0	0.0
cox1	3366	C	0	623	0	12857	0	0	14	0	13480	14	12857	623	13480	0.9537833827893175	0.0	0.0
cox1	3368	C	0	522	0	12994	0	0	14	0	13516	14	12994	522	13516	0.961379106244451	0.0	0.0
cox1	3372	C	0	495	0	13122	0	0	15	0	13617	15	13122	495	13617	0.9636483807005949	0.0	0.0
cox1	3375	T	0	12774	0	1093	15	0	0	0	13867	15	12774	1093	13867	0.9211797793322276	0.0	0.0
cox1	3381	C	0	531	0	13134	0	0	15	0	13665	15	13134	531	13665	0.9611416026344676	0.0	0.0
cox1	3402	C	0	2011	0	11702	0	0	14	0	13713	14	11702	2011	13713	0.8533508349741121	0.0	0.0
cox1	3405	C	0	2499	0	11251	0	0	14	0	13750	14	11251	2499	13750	0.8182545454545455	0.0	0.0
cox1	3413	T	0	9088	0	3211	15	0	0	0	12299	15	9088	3211	12299	0.7389218635661436	0.0	0.0
cox1	3420	C	0	713	0	12163	0	0	12	0	12876	12	12163	713	12876	0.9446256601429015	0.0	0.0
cox1	3426	T	0	12227	0	593	12	0	0	0	12820	12	12227	593	12820	0.9537441497659906	0.0	0.0
cox1	3429	T	0	12307	0	652	12	0	0	0	12959	12	12307	652	12959	0.949687475885485	0.0	0.0
cox1	3432	C	0	860	0	12194	0	0	15	0	13054	15	12194	860	13054	0.9341198100199173	0.0	0.0
cox1	3435	C	0	851	0	12328	0	0	15	0	13179	15	12328	851	13179	0.9354275741710296	0.0	0.0
cox1	3470	T	0	10162	0	1667	15	0	0	0	11829	15	10162	1667	11829	0.8590751542818497	0.0	0.0
cox1	3477	C	0	653	0	10160	0	0	17	0	10813	17	10160	653	10813	0.9396097290298715	0.0	0.0
cox1	3480	C	0	437	0	10523	0	0	13	0	10960	13	10523	437	10960	0.9601277372262774	0.0	0.0
cox1	3482	C	0	478	0	10595	0	0	13	0	11073	13	10595	478	11073	0.9568319335320148	0.0	0.0
cox1	3485	C	0	330	0	10197	0	0	14	0	10527	14	10197	330	10527	0.9686520376175548	0.0	0.0
cox1	3487	C	0	358	0	10639	0	0	14	0	10997	14	10639	358	10997	0.9674456670000909	0.0	0.0
cox1	3488	C	0	342	0	10766	0	0	14	0	11108	14	10766	342	11108	0.9692113791861722	0.0	0.0
cox1	3489	C	0	386	0	10907	0	0	14	0	11293	14	10907	386	11293	0.965819534224741	0.0	0.0
cox1	3490	C	0	362	0	11191	0	0	14	0	11553	14	11191	362	11553	0.9686661473210422	0.0	0.0
cox1	3494	T	0	10887	0	504	14	0	0	0	11391	14	10887	504	11391	0.9557545430603108	0.0	0.0
cox1	3498	T	0	11015	0	650	14	0	0	0	11665	14	11015	650	11665	0.9442777539648521	0.0	0.0
cox1	3506	C	0	663	0	10099	0	0	13	0	10762	13	10099	663	10762	0.9383943504924736	0.0	0.0
cox1	3510	C	0	943	0	10026	0	0	11	0	10969	11	10026	943	10969	0.9140304494484456	0.0	0.0
cox1	3511	C	0	10382	0	1433	0	0	11	0	11815	11	1433	10382	11815	0.12128650021159543	3.045233421850202e-202	1.1557713709179071e-200
cox1	3512	T	0	11177	0	935	11	0	0	0	12112	11	11177	935	12112	0.9228038309114928	0.0	0.0
cox1	3519	C	0	1174	0	11130	0	0	11	0	12304	11	11130	1174	12304	0.9045838751625488	0.0	0.0
cox1	3521	T	0	10947	0	1227	11	0	0	0	12174	11	10947	1227	12174	0.8992114342040414	0.0	0.0
cox1	3527	C	0	1153	0	10874	0	0	9	0	12027	9	10874	1153	12027	0.9041323688367839	0.0	0.0
cox1	3542	T	0	12899	0	804	11	0	0	0	13703	11	12899	804	13703	0.941326716777348	0.0	0.0
cox1	3553	C	0	545	0	13773	0	0	10	0	14318	10	13773	545	14318	0.9619360245844392	0.0	0.0
cox1	3557	C	0	745	0	13743	0	0	10	0	14488	10	13743	745	14488	0.94857813362783	0.0	0.0
cox1	3560	C	0	810	0	13657	0	0	10	0	14467	10	13657	810	14467	0.9440105066703532	0.0	0.0
cox1	3577	C	0	14636	0	865	0	0	4	0	15501	4	865	14636	15501	0.05580285142894007	0.0005880721371214498	0.02020565834540525
cox1	3585	C	0	585	0	14791	0	0	5	0	15376	5	14791	585	15376	0.9619536940686785	0.0	0.0
cox1	3591	C	0	702	0	14335	0	0	5	0	15037	5	14335	702	15037	0.95331515594866	0.0	0.0
cox1	3621	C	0	530	0	15586	0	0	7	0	16116	7	15586	530	16116	0.9671134276495408	0.0	0.0
cox1	3630	C	0	579	0	15804	0	0	7	0	16383	7	15804	579	16383	0.9646584874565098	0.0	0.0
cox1	3633	C	0	693	0	15854	0	0	5	0	16547	5	15854	693	16547	0.9581192965492235	0.0	0.0
cox1	3635	C	0	715	0	15835	0	0	5	0	16550	5	15835	715	16550	0.956797583081571	0.0	0.0
cox1	3641	T	0	13529	0	459	5	0	0	0	13988	5	13529	459	13988	0.9671861595653417	0.0	0.0
cox1	3644	T	0	13897	0	607	5	0	0	0	14504	5	13897	607	14504	0.9581494760066188	0.0	0.0
cox1	3648	C	0	480	0	14249	0	0	5	0	14729	5	14249	480	14729	0.9674112295471519	0.0	0.0
cox1	3651	C	0	731	0	14443	0	0	5	0	15174	5	14443	731	15174	0.9518254909713985	0.0	0.0
cox1	3663	C	0	733	0	13426	0	0	5	0	14159	5	13426	733	14159	0.9482308072603998	0.0	0.0
cox1	3699	T	0	13626	0	592	5	0	0	0	14218	5	13626	592	14218	0.958362638908426	0.0	0.0
cox1	3705	C	0	748	0	14078	0	0	5	0	14826	5	14078	748	14826	0.9495480911911507	0.0	0.0
cox1	3711	T	0	14522	0	696	5	0	0	0	15218	5	14522	696	15218	0.954264686555395	0.0	0.0
cox1	3717	T	0	13984	0	1185	4	0	0	0	15169	4	13984	1185	15169	0.9218801503065462	0.0	0.0
cox1	3720	T	0	14137	0	1218	4	0	0	0	15355	4	14137	1218	15355	0.9206773038098339	0.0	0.0
cox1	3734	C	0	1669	0	13137	0	0	4	0	14806	4	13137	1669	14806	0.8872754288801837	0.0	0.0
cox1	3735	C	0	1636	0	13265	0	0	3	0	14901	3	13265	1636	14901	0.8902087108247768	0.0	0.0
cox1	3740	C	0	1848	0	14029	0	0	3	0	15877	3	14029	1848	15877	0.8836052150910122	0.0	0.0
cox1	3750	T	0	14468	0	1936	4	0	0	0	16404	4	14468	1936	16404	0.8819800048768593	0.0	0.0
cox1	3770	T	0	16594	0	456	3	0	0	0	17050	3	16594	456	17050	0.9732551319648094	0.0	0.0
cox1	3783	T	0	15926	0	374	3	0	0	0	16300	3	15926	374	16300	0.9770552147239264	0.0	0.0
cox1	3789	C	0	415	0	16177	0	0	3	0	16592	3	16177	415	16592	0.9749879459980714	0.0	0.0
cox1	3807	C	0	523	0	15695	0	0	9	0	16218	9	15695	523	16218	0.9677518806264644	0.0	0.0
cox1	3813	C	0	479	0	15838	0	0	9	0	16317	9	15838	479	16317	0.9706441135012563	0.0	0.0
cox1	3846	C	0	325	0	17728	0	0	9	0	18053	9	17728	325	18053	0.9819974519470448	0.0	0.0
cox1	3855	T	0	17281	0	453	10	0	0	0	17734	10	17281	453	17734	0.9744558475245292	0.0	0.0
cox1	3875	T	0	16491	0	338	10	0	0	0	16829	10	16491	338	16829	0.9799156218432468	0.0	0.0
cox1	3887	C	0	325	0	16577	0	0	9	0	16902	9	16577	325	16902	0.9807715063306117	0.0	0.0
cox1	3894	C	0	443	0	14446	0	0	9	0	14889	9	14446	443	14889	0.9702464906978306	0.0	0.0
cox1	3899	T	0	13986	0	720	9	0	0	0	14706	9	13986	720	14706	0.9510403916768666	0.0	0.0
cox1	3905	T	0	14275	0	1052	9	0	0	0	15327	9	14275	1052	15327	0.9313629542637176	0.0	0.0
cox1	3908	C	0	392	0	14965	0	0	9	0	15357	9	14965	392	15357	0.9744741811551736	0.0	0.0
cox1	3912	C	0	670	0	14893	0	0	9	0	15563	9	14893	670	15563	0.9569491743237165	0.0	0.0
cox1	3914	T	0	14357	0	1161	9	0	0	0	15518	9	14357	1161	15518	0.9251836576878464	0.0	0.0
cox1	3917	C	0	902	0	14555	0	0	9	0	15457	9	14555	902	15457	0.9416445623342176	0.0	0.0
cox1	3918	T	0	14155	0	1371	9	0	0	0	15526	9	14155	1371	15526	0.9116965090815407	0.0	0.0
cox1	3921	C	0	920	0	14682	0	0	9	0	15602	9	14682	920	15602	0.9410332008716831	0.0	0.0
cox1	3933	C	0	3197	0	12034	0	0	9	0	15231	9	12034	3197	15231	0.7900991399120215	0.0	0.0
cox1	3943	C	0	13044	0	2189	0	0	9	0	15233	9	2189	13044	15233	0.14370117508041752	0.0	0.0
cox1	3945	T	0	14697	0	770	9	0	0	0	15467	9	14697	770	15467	0.9502165901596948	0.0	0.0
cox1	3959	C	0	1117	0	14557	0	0	3	0	15674	3	14557	1117	15674	0.9287354855174174	0.0	0.0
cox1	3974	C	0	1090	0	16030	0	0	3	0	17120	3	16030	1090	17120	0.9363317757009346	0.0	0.0
cox1	3983	T	0	12587	0	1489	3	0	0	0	14076	3	12587	1489	14076	0.8942171071327082	0.0	0.0
cox1	3990	T	0	13922	0	576	3	0	0	0	14498	3	13922	576	14498	0.9602703821216719	0.0	0.0
cox1	3999	C	0	580	0	14360	0	0	2	0	14940	2	14360	580	14940	0.9611780455153949	0.0	0.0
cox1	4004	T	0	12735	0	2492	2	0	0	0	15227	2	12735	2492	15227	0.8363433374926118	0.0	0.0
cox1	4010	T	0	15103	0	567	2	0	0	0	15670	2	15103	567	15670	0.9638162093171666	0.0	0.0
cox1	4013	C	0	1561	0	14435	0	0	2	0	15996	2	14435	1561	15996	0.9024131032758189	0.0	0.0
cox1	4035	C	0	397	0	16905	0	0	3	0	17302	3	16905	397	17302	0.9770546757600277	0.0	0.0
cox1	4046	C	0	860	0	18987	0	0	3	0	19847	3	18987	860	19847	0.9566685141331184	0.0	0.0
cox1	4050	C	0	631	0	19207	0	0	3	0	19838	3	19207	631	19838	0.968192358100615	0.0	0.0
cox1	4053	T	0	18318	0	1193	3	0	0	0	19511	3	18318	1193	19511	0.9388550048690483	0.0	0.0
cox1	4056	C	0	576	0	18763	0	0	3	0	19339	3	18763	576	19339	0.9702156264543151	0.0	0.0
cox1	4061	C	0	519	0	18873	0	0	2	0	19392	2	18873	519	19392	0.9732363861386139	0.0	0.0
cox1	4065	C	0	763	0	19021	0	0	3	0	19784	3	19021	763	19784	0.9614334816012939	0.0	0.0
cox1	4071	C	0	1476	0	18377	0	0	3	0	19853	3	18377	1476	19853	0.9256535536191004	0.0	0.0
cox1	4085	T	0	19508	0	1419	3	0	0	0	20927	3	19508	1419	20927	0.9321928608974053	0.0	0.0
cox1	4088	T	0	19317	0	2027	3	0	0	0	21344	3	19317	2027	21344	0.9050318590704648	0.0	0.0
cox1	4121	C	0	969	0	23426	0	0	1	0	24395	1	23426	969	24395	0.9602787456445993	0.0	0.0
cox1	4131	C	0	1459	0	24337	0	0	2	0	25796	2	24337	1459	25796	0.9434408435416344	0.0	0.0
cox1	4145	C	0	1552	0	23168	0	0	2	0	24720	2	23168	1552	24720	0.9372168284789644	0.0	0.0
cox1	4154	C	0	1207	0	24533	0	0	3	0	25740	3	24533	1207	25740	0.9531080031080031	0.0	0.0
cox1	4155	T	0	23772	0	1965	3	0	0	0	25737	3	23772	1965	25737	0.9236507751486187	0.0	0.0
cox1	4156	C	0	2002	0	23700	0	0	3	0	25702	3	23700	2002	25702	0.9221072290094157	0.0	0.0
cox1	4161	C	0	2373	0	22383	0	0	3	0	24756	3	22383	2373	24756	0.9041444498303441	0.0	0.0
cox1	4170	C	0	2747	0	20313	0	0	5	0	23060	5	20313	2747	23060	0.8808759757155247	0.0	0.0
cox1	4172	C	0	1744	0	21769	0	0	5	0	23513	5	21769	1744	23513	0.9258282652149874	0.0	0.0
cox1	4176	C	0	1481	0	22774	0	0	5	0	24255	5	22774	1481	24255	0.9389404246547104	0.0	0.0
cox1	4192	C	0	17998	0	6136	0	0	5	0	24134	5	6136	17998	24134	0.2542471202452971	0.0	0.0
cox1	4200	C	0	568	0	24740	0	0	5	0	25308	5	24740	568	25308	0.9775565038722933	0.0	0.0
cox1	4224	T	0	26106	0	870	5	0	0	0	26976	5	26106	870	26976	0.9677491103202847	0.0	0.0
cox1	4232	C	0	938	0	26459	0	0	3	0	27397	3	26459	938	27397	0.9657626747454101	0.0	0.0
cox1	4244	T	0	26248	0	573	3	0	0	0	26821	3	26248	573	26821	0.9786361433205324	0.0	0.0
cox1	4259	T	0	21507	0	989	8	0	0	0	22496	8	21507	989	22496	0.9560366287339972	0.0	0.0
cox1	4274	T	0	20844	0	1606	14	0	0	0	22450	14	20844	1606	22450	0.9284632516703786	0.0	0.0
cox1	4310	T	0	20985	0	389	12	0	0	0	21374	12	20985	389	21374	0.9818003181435389	0.0	0.0
cox1	4327	C	0	17762	0	1474	0	0	12	0	19236	12	1474	17762	19236	0.07662715741318361	2.9485829758345212e-56	1.0715896440572124e-54
cox1	4337	C	0	369	0	18195	0	0	12	0	18564	12	18195	369	18564	0.9801228183581124	0.0	0.0
cox1	4341	C	0	15863	0	2271	0	0	10	0	18134	10	2271	15863	18134	0.12523436638358884	0.0	0.0
cox1	4374	C	0	4528	0	6754	0	0	10	0	11282	10	6754	4528	11282	0.5986527211487325	0.0	0.0
cox1	4411	T	0	219	0	1524	5	0	0	0	1743	5	219	1524	1743	0.12564543889845095	8.631675796013736e-35	3.110563874924596e-33
cox2	45	C	0	1237	0	13264	0	0	2	0	14501	2	13264	1237	14501	0.9146955382387422	0.0	0.0
cox2	72	C	0	1909	0	19198	0	0	10	0	21107	10	19198	1909	21107	0.909556071445492	0.0	0.0
cox2	76	C	0	15363	0	5893	0	0	11	0	21256	11	5893	15363	21256	0.2772393677079413	0.0	0.0
cox2	122	T	0	27830	0	1817	18	0	0	0	29647	18	27830	1817	29647	0.9387121799844841	0.0	0.0
cox2	143	C	0	3840	0	27624	0	0	22	0	31464	22	27624	3840	31464	0.8779557589626239	0.0	0.0
cox2	144	C	0	1924	0	29840	0	0	22	0	31764	22	29840	1924	31764	0.9394282835914872	0.0	0.0
cox2	146	C	0	2099	0	30049	0	0	22	0	32148	22	30049	2099	32148	0.9347082244618639	0.0	0.0
cox2	151	C	0	5172	0	27042	0	0	21	0	32214	21	27042	5172	32214	0.839448686906314	0.0	0.0
cox2	154	C	0	29673	0	2649	0	0	21	0	32322	21	2649	29673	32322	0.08195656209392983	5.422514927838111e-130	2.0230588046461114e-128
cox2	167	T	0	29092	0	5536	26	0	0	0	34628	26	29092	5536	34628	0.8401293750721959	0.0	0.0
cox2	179	T	0	30348	0	4714	27	0	0	0	35062	27	30348	4714	35062	0.8655524499458103	0.0	0.0
cox2	192	T	0	32050	0	2228	25	0	0	0	34278	25	32050	2228	34278	0.935002042126145	0.0	0.0
cox2	203	T	0	31744	0	2813	24	0	0	0	34557	24	31744	2813	34557	0.9185982579506323	0.0	0.0
cox2	219	C	0	3092	0	32890	0	0	22	0	35982	22	32890	3092	35982	0.9140681451837029	0.0	0.0
cox2	234	C	0	3272	0	33794	0	0	25	0	37066	25	33794	3272	37066	0.9117250310257379	0.0	0.0
cox2	239	C	0	2125	0	31783	0	0	29	0	33908	29	31783	2125	33908	0.9373304234988793	0.0	0.0
cox2	241	C	0	28181	0	6011	0	0	26	0	34192	26	6011	28181	34192	0.17580135704258307	0.0	0.0
cox2	269	C	0	3496	0	30556	0	0	25	0	34052	25	30556	3496	34052	0.8973334899565371	0.0	0.0
cox2	348	C	0	3106	0	28079	0	0	19	0	31185	19	28079	3106	31185	0.900400833734167	0.0	0.0
cox2	372	T	0	24505	0	2680	18	0	0	0	27185	18	24505	2680	27185	0.90141622218135	0.0	0.0
cox2	396	T	0	23042	0	2690	12	0	0	0	25732	12	23042	2690	25732	0.8954609047100887	0.0	0.0
cox2	402	T	0	23917	0	1810	12	0	0	0	25727	12	23917	1810	25727	0.9296458973063318	0.0	0.0
cox2	417	C	0	1665	0	24039	0	0	12	0	25704	12	24039	1665	25704	0.9352240896358543	0.0	0.0
cox2	426	C	0	5743	0	19997	0	0	12	0	25740	12	19997	5743	25740	0.7768842268842269	0.0	0.0
cox2	431	T	0	18003	0	6457	12	0	0	0	24460	12	18003	6457	24460	0.7360179885527391	0.0	0.0
cox2	444	T	0	22168	0	4020	15	0	0	0	26188	15	22168	4020	26188	0.8464945776691615	0.0	0.0
cox2	453	T	0	20723	0	5152	14	0	0	0	25875	14	20723	5152	25875	0.8008888888888889	0.0	0.0
cox2	473	T	0	11749	0	8670	16	0	0	0	20419	16	11749	8670	20419	0.5753954650080807	0.0	0.0
cox2	476	C	0	5223	0	15277	0	0	17	0	20500	17	15277	5223	20500	0.745219512195122	0.0	0.0
cox2	480	A	19801	0	0	0	0	7	0	15	19801	22	7	15	22	0.3181818181818182	6.835422585136074e-5	0.002357105871957737
cox2	482	C	0	4466	0	15195	0	0	24	0	19661	24	15195	4466	19661	0.7728498041808657	0.0	0.0
cox2	1449	C	0	1126	0	18486	0	0	36	0	19612	36	18486	1126	19612	0.9425861717315929	0.0	0.0
cox2	1456	T	0	17716	0	3714	34	0	0	0	21430	34	17716	3714	21430	0.8266915538964069	0.0	0.0
cox2	1498	C	0	2754	0	23707	0	0	23	0	26461	23	23707	2754	26461	0.8959223007444919	0.0	0.0
cox2	1510	T	0	23303	0	2375	25	0	0	0	25678	25	23303	2375	25678	0.9075083729262403	0.0	0.0
cox2	1514	C	0	2749	0	24245	0	0	24	0	26994	24	24245	2749	26994	0.8981625546417722	0.0	0.0
cox2	1523	C	0	3254	0	23857	0	0	24	0	27111	24	23857	3254	27111	0.8799749179299915	0.0	0.0
cox2	1537	T	0	29628	0	1828	23	0	0	0	31456	23	29628	1828	31456	0.9418870803662258	0.0	0.0
cox2	1550	T	0	31070	0	2426	25	0	0	0	33496	25	31070	2426	33496	0.9275734416049678	0.0	0.0
cox2	1567	T	0	33249	0	2165	18	0	0	0	35414	18	33249	2165	35414	0.9388659852035918	0.0	0.0
cox2	1583	T	0	35641	0	1917	16	0	0	0	37558	16	35641	1917	37558	0.9489589435007189	0.0	0.0
cox2	1597	T	0	37868	0	2127	27	0	0	0	39995	27	37868	2127	39995	0.9468183522940368	0.0	0.0
cox2	1603	C	0	2553	0	37883	0	0	28	0	40436	28	37883	2553	40436	0.9368631912157483	0.0	0.0
cox2	1616	T	0	35004	0	3285	29	0	0	0	38289	29	35004	3285	38289	0.9142051241871033	0.0	0.0
cox2	1618	C	0	34020	0	4405	0	0	29	0	38425	29	4405	34020	38425	0.11463890696161354	0.0	0.0
cox2	1619	C	0	3037	0	35249	0	0	28	0	38286	28	35249	3037	38286	0.920675965104738	0.0	0.0
cox2	1625	C	0	2086	0	35633	0	0	28	0	37719	28	35633	2086	37719	0.9446963069010313	0.0	0.0
cox2	1648	T	0	33652	0	1300	26	0	0	0	34952	26	33652	1300	34952	0.9628061341268025	0.0	0.0
cox2	1652	C	0	1101	0	34417	0	0	27	0	35518	27	34417	1101	35518	0.9690016329748297	0.0	0.0
cox2	1673	C	0	1218	0	28066	0	0	25	0	29284	25	28066	1218	29284	0.9584073214041797	0.0	0.0
cox2	1675	T	0	27583	0	1619	25	0	0	0	29202	25	27583	1619	29202	0.9445585918772686	0.0	0.0
cox2	1678	T	0	27371	0	1730	26	0	0	0	29101	26	27371	1730	29101	0.9405518710697227	0.0	0.0
cox2	1692	C	0	25887	0	1958	0	0	28	0	27845	28	1958	25887	27845	0.07031783084934459	3.72230268615267e-49	1.3499141164610336e-47
cox2	1693	C	0	2152	0	25607	0	0	25	0	27759	25	25607	2152	27759	0.9224755935012068	0.0	0.0
cox2	1699	T	0	24127	0	1593	20	0	0	0	25720	20	24127	1593	25720	0.9380637636080871	0.0	0.0
cox2	1702	C	0	977	0	24306	0	0	24	0	25283	24	24306	977	25283	0.9613574338488312	0.0	0.0
cox2	1726	T	0	17042	0	914	20	0	0	0	17956	20	17042	914	17956	0.9490977946090443	0.0	0.0
cox2	1736	C	0	751	0	16312	0	0	17	0	17063	17	16312	751	17063	0.955986637754205	0.0	0.0
cox2	1742	C	0	911	0	13994	0	0	17	0	14905	17	13994	911	14905	0.9388795706138879	0.0	0.0
cox2	1820	C	0	0	0	294	0	0	0	0	294	0	294	0	294	1.0	0.0	0.0
cox3	59	T	0	11241	0	333	1	0	0	0	11574	1	11241	333	11574	0.9712286158631416	0.0	0.0
cox3	73	C	0	9184	0	4329	0	0	2	0	13513	2	4329	9184	13513	0.3203581736105972	0.0	0.0
cox3	77	T	0	13117	0	1292	2	0	0	0	14409	2	13117	1292	14409	0.9103338191408148	0.0	0.0
cox3	86	T	0	13945	0	2002	2	0	0	0	15947	2	13945	2002	15947	0.8744591459208628	0.0	0.0
cox3	110	T	0	15982	0	6186	2	0	0	0	22168	2	15982	6186	22168	0.7209491158426561	0.0	0.0
cox3	129	C	0	551	0	24804	0	0	4	0	25355	4	24804	551	25355	0.9782685860776967	0.0	0.0
cox3	137	T	0	25301	0	1900	8	0	0	0	27201	8	25301	1900	27201	0.930149626851954	0.0	0.0
cox3	149	T	0	27263	0	1837	8	0	0	0	29100	8	27263	1837	29100	0.936872852233677	0.0	0.0
cox3	162	T	0	27126	0	1828	8	0	0	0	28954	8	27126	1828	28954	0.9368653726600815	0.0	0.0
cox3	172	C	0	24112	0	6053	0	0	7	0	30165	7	6053	24112	30165	0.2006630200563567	0.0	0.0
cox3	214	C	0	29685	0	2025	0	0	6	0	31710	6	2025	29685	31710	0.06385998107852413	7.927580216823704e-28	2.8412858974679616e-26
cox3	278	C	0	1415	0	26157	0	0	9	0	27572	9	26157	1415	27572	0.9486798201073553	0.0	0.0
cox3	293	T	0	27248	0	662	7	0	0	0	27910	7	27248	662	27910	0.9762809029021856	0.0	0.0
cox3	300	T	0	25960	0	1792	7	0	0	0	27752	7	25960	1792	27752	0.9354280772556933	0.0	0.0
cox3	322	C	0	15405	0	11375	0	0	6	0	26780	6	11375	15405	26780	0.42475728155339804	0.0	0.0
cox3	332	T	0	22624	0	3359	7	0	0	0	25983	7	22624	3359	25983	0.8707231651464419	0.0	0.0
cox3	335	T	0	1676	0	24742	6	0	0	0	26418	6	1676	24742	26418	0.06344159285335756	2.931047814335766e-22	1.0413489917297565e-20
cox3	384	C	0	519	0	23336	0	0	3	0	23855	3	23336	519	23855	0.9782435548103123	0.0	0.0
cox3	386	C	0	589	0	23747	0	0	3	0	24336	3	23747	589	24336	0.9757971729125575	0.0	0.0
cox3	409	C	0	16262	0	9004	0	0	2	0	25266	2	9004	16262	25266	0.3563682419061189	0.0	0.0
cox3	411	C	0	742	0	24800	0	0	3	0	25542	3	24800	742	25542	0.9709498081591105	0.0	0.0
cox3	413	T	0	23963	0	1157	2	0	0	0	25120	2	23963	1157	25120	0.9539410828025477	0.0	0.0
cox3	417	T	0	24638	0	1351	3	0	0	0	25989	3	24638	1351	25989	0.9480164685059064	0.0	0.0
cox3	452	C	0	394	0	27424	0	0	5	0	27818	5	27424	394	27818	0.9858365087353512	0.0	0.0
cox3	575	T	0	30002	0	1223	10	0	0	0	31225	10	30002	1223	31225	0.9608326661329063	0.0	0.0
cox3	578	T	0	28299	0	3107	9	0	0	0	31406	9	28299	3107	31406	0.9010698592625613	0.0	0.0
cox3	603	T	0	28978	0	1555	9	0	0	0	30533	9	28978	1555	30533	0.9490714964137164	0.0	0.0
cox3	608	C	0	313	0	30943	0	0	13	0	31256	13	30943	313	31256	0.989985922702841	0.0	0.0
cox3	618	C	0	528	0	30957	0	0	14	0	31485	14	30957	528	31485	0.9832301095759886	0.0	0.0
cox3	623	C	0	574	0	32119	0	0	14	0	32693	14	32119	574	32693	0.9824427247422995	0.0	0.0
cox3	624	C	0	519	0	32271	0	0	13	0	32790	13	32271	519	32790	0.9841720036596523	0.0	0.0
cox3	625	C	0	15092	0	17615	0	0	13	0	32707	13	17615	15092	32707	0.5385697251352921	0.0	0.0
cox3	635	T	0	27504	0	3136	13	0	0	0	30640	13	27504	3136	30640	0.8976501305483029	0.0	0.0
cox3	660	T	0	27323	0	3592	14	0	0	0	30915	14	27323	3592	30915	0.8838104480025878	0.0	0.0
cox3	666	T	0	29864	0	1865	17	0	0	0	31729	17	29864	1865	31729	0.9412209650477481	0.0	0.0
cox3	690	T	0	26389	0	1609	18	0	0	0	27998	18	26389	1609	27998	0.9425316094006715	0.0	0.0
cox3	698	C	0	751	0	27829	0	0	18	0	28580	18	27829	751	28580	0.9737228831350595	0.0	0.0
cox3	706	C	0	18508	0	7644	0	0	17	0	26152	17	7644	18508	26152	0.29229122055674517	0.0	0.0
cox3	708	T	0	25604	0	861	17	0	0	0	26465	17	25604	861	26465	0.9674664651426412	0.0	0.0
cox3	714	C	0	979	0	23710	0	0	17	0	24689	17	23710	979	24689	0.9603467131111021	0.0	0.0
cox3	716	T	0	23918	0	1122	17	0	0	0	25040	17	23918	1122	25040	0.9551916932907348	0.0	0.0
cox3	723	C	0	761	0	24238	0	0	16	0	24999	16	24238	761	24999	0.969558782351294	0.0	0.0
cox3	725	T	0	23264	0	1505	17	0	0	0	24769	17	23264	1505	24769	0.9392385643344503	0.0	0.0
cox3	730	C	0	22932	0	2043	0	0	16	0	24975	16	2043	22932	24975	0.0818018018018018	4.699776528059243e-100	1.7375171228929906e-98
cox3	732	C	0	1636	0	23399	0	0	17	0	25035	17	23399	1636	25035	0.9346514879169163	0.0	0.0
cox3	735	C	0	1161	0	24144	0	0	16	0	25305	16	24144	1161	25305	0.9541197391819799	0.0	0.0
cox3	746	C	0	1323	0	25218	0	0	9	0	26541	9	25218	1323	26541	0.9501525940996948	0.0	0.0
cox3	750	C	0	466	0	27136	0	0	9	0	27602	9	27136	466	27602	0.9831171654227955	0.0	0.0
cox3	758	C	0	1106	0	25073	0	0	9	0	26179	9	25073	1106	26179	0.957752396959395	0.0	0.0
cox3	767	T	0	22851	0	1609	10	0	0	0	24460	10	22851	1609	24460	0.9342191332788226	0.0	0.0
cox3	770	T	0	22320	0	2473	10	0	0	0	24793	10	22320	2473	24793	0.9002541039809624	0.0	0.0
cox3	824	C	0	491	0	23209	0	0	9	0	23700	9	23209	491	23700	0.9792827004219409	0.0	0.0
cox3	830	C	0	1272	0	22364	0	0	10	0	23636	10	22364	1272	23636	0.9461837874428838	0.0	0.0
cox3	837	C	0	572	0	21291	0	0	10	0	21863	10	21291	572	21863	0.9738370763390203	0.0	0.0
cox3	851	C	0	771	0	17217	0	0	8	0	17988	8	17217	771	17988	0.9571380920613742	0.0	0.0
cox3	855	C	0	1117	0	16737	0	0	8	0	17854	8	16737	1117	17854	0.9374369889100481	0.0	0.0
cox3	861	C	0	275	0	17249	0	0	7	0	17524	7	17249	275	17524	0.9843072357909153	0.0	0.0
cox3	864	C	0	459	0	16883	0	0	8	0	17342	8	16883	459	17342	0.9735324645369623	0.0	0.0
cox3	869	C	0	753	0	15637	0	0	7	0	16390	7	15637	753	16390	0.9540573520439293	0.0	0.0
mttB	46	C	0	1659	0	499	0	0	8	0	2158	8	499	1659	2158	0.23123262279888787	1.0650290077608149e-181	4.0207662580028325e-180
mttB	153	T	0	5289	0	1570	6	0	0	0	6859	6	5289	1570	6859	0.7711036594255722	0.0	0.0
mttB	176	C	0	4231	0	2933	0	0	6	0	7164	6	2933	4231	7164	0.4094081518704634	0.0	0.0
mttB	208	C	0	2445	0	3996	0	0	5	0	6441	5	3996	2445	6441	0.6204005589194225	0.0	0.0
mttB	262	C	0	772	0	4854	0	0	5	0	5626	5	4854	772	5626	0.86277995023107	0.0	0.0
mttB	266	C	0	5125	0	379	0	0	5	0	5504	5	379	5125	5504	0.06885901162790697	6.445839680488925e-10	2.2536224212433778e-8
mttB	285	C	0	1193	0	3538	0	0	5	0	4731	5	3538	1193	4731	0.7478334390192348	0.0	0.0
mttB	306	C	0	1101	0	3094	0	0	6	0	4195	6	3094	1101	4195	0.7375446960667461	0.0	0.0
mttB	314	T	0	3138	0	1208	8	0	0	0	4346	8	3138	1208	4346	0.7220432581684307	0.0	0.0
mttB	335	C	0	692	0	3504	0	0	8	0	4196	8	3504	692	4196	0.8350810295519543	0.0	0.0
mttB	340	C	0	3752	0	369	0	0	6	0	4121	6	369	3752	4121	0.08954137345304537	3.6742852399474957e-26	1.31303558055102e-24
mttB	348	T	0	3198	0	913	7	0	0	0	4111	7	3198	913	4111	0.7779129165653126	0.0	0.0
mttB	350	C	0	600	0	3430	0	0	8	0	4030	8	3430	600	4030	0.8511166253101737	0.0	0.0
mttB	359	C	0	1398	0	1906	0	0	8	0	3304	8	1906	1398	3304	0.5768765133171913	0.0	0.0
mttB	360	T	0	1802	0	1471	8	0	0	0	3273	8	1802	1471	3273	0.5505652306752216	0.0	0.0
mttB	366	C	0	633	0	2700	0	0	8	0	3333	8	2700	633	3333	0.8100810081008101	0.0	0.0
mttB	381	C	0	693	0	2517	0	0	7	0	3210	7	2517	693	3210	0.7841121495327102	0.0	0.0
mttB	386	C	0	2390	0	739	0	0	7	0	3129	7	739	2390	3129	0.2361776925535315	2.685067052545196e-274	1.0388770729330199e-272
mttB	387	C	0	1714	0	1434	0	0	8	0	3148	8	1434	1714	3148	0.45552731893265563	0.0	0.0
mttB	390	C	0	1884	0	1257	0	0	7	0	3141	7	1257	1884	3141	0.40019102196752626	0.0	0.0
mttB	402	T	0	992	0	2092	9	0	0	0	3084	9	992	2092	3084	0.3216601815823606	0.0	0.0
mttB	405	C	0	314	0	2781	0	0	7	0	3095	7	2781	314	3095	0.8985460420032311	0.0	0.0
mttB	408	C	0	1670	0	1301	0	0	10	0	2971	10	1301	1670	2971	0.437899697071693	0.0	0.0
mttB	409	C	0	2442	0	476	0	0	9	0	2918	9	476	2442	2918	0.16312542837559973	2.8230868657986345e-112	1.048681851237642e-110
mttB	420	C	0	1516	0	1031	0	0	10	0	2547	10	1031	1516	2547	0.4047899489595603	0.0	0.0
mttB	425	C	0	600	0	1952	0	0	8	0	2552	8	1952	600	2552	0.7648902821316614	0.0	0.0
mttB	426	C	0	557	0	1992	0	0	8	0	2549	8	1992	557	2549	0.7814829344841114	0.0	0.0
mttB	431	C	0	1131	0	1381	0	0	10	0	2512	10	1381	1131	2512	0.5497611464968153	0.0	0.0
mttB	437	T	0	470	0	1844	9	0	0	0	2314	9	470	1844	2314	0.2031114952463267	1.0967896029562531e-147	4.106270930210899e-146
mttB	444	T	0	1030	0	1399	11	0	0	0	2429	11	1030	1399	2429	0.42404281597365173	0.0	0.0
mttB	473	C	0	446	0	1486	0	0	7	0	1932	7	1486	446	1932	0.7691511387163561	0.0	0.0
mttB	474	T	0	1578	0	387	7	0	0	0	1965	7	1578	387	1965	0.8030534351145038	0.0	0.0
mttB	477	C	0	776	0	1189	0	0	7	0	1965	7	1189	776	1965	0.605089058524173	0.0	0.0
mttB	489	C	0	979	0	1009	0	0	6	0	1988	6	1009	979	1988	0.5075452716297787	0.0	0.0
mttB	503	T	0	1254	0	783	6	0	0	0	2037	6	1254	783	2037	0.6156111929307806	0.0	0.0
mttB	510	C	0	1079	0	943	0	0	8	0	2022	8	943	1079	2022	0.46636993076162214	0.0	0.0
mttB	515	C	0	1439	0	642	0	0	8	0	2081	8	642	1439	2081	0.308505526189332	2.8302989125695e-311	1.105559688827277e-309
mttB	524	C	0	338	0	2003	0	0	7	0	2341	7	2003	338	2341	0.8556172575822298	0.0	0.0
mttB	531	C	0	906	0	1348	0	0	7	0	2254	7	1348	906	2254	0.5980479148181012	0.0	0.0
mttB	540	T	0	1348	0	1067	4	0	0	0	2415	4	1348	1067	2415	0.5581780538302278	0.0	0.0
mttB	557	T	0	1250	0	1690	3	0	0	0	2940	3	1250	1690	2940	0.42517006802721086	0.0	0.0
mttB	588	C	0	1369	0	2515	0	0	4	0	3884	4	2515	1369	3884	0.6475283213182287	0.0	0.0
mttB	608	C	0	3681	0	520	0	0	3	0	4201	3	520	3681	4201	0.12378005236848369	1.0019285559137318e-77	3.674009796274153e-76
mttB	609	C	0	572	0	3650	0	0	3	0	4222	3	3650	572	4222	0.8645191852202747	0.0	0.0
mttB	617	C	0	602	0	3818	0	0	2	0	4420	2	3818	602	4420	0.8638009049773756	0.0	0.0
mttB	627	C	0	673	0	3929	0	0	7	0	4602	7	3929	673	4602	0.8537592351151673	0.0	0.0
mttB	628	C	0	567	0	4077	0	0	7	0	4644	7	4077	567	4644	0.877906976744186	0.0	0.0
mttB	641	T	0	2745	0	2109	8	0	0	0	4854	8	2745	2109	4854	0.565512978986403	0.0	0.0
mttB	650	C	0	1299	0	3809	0	0	8	0	5108	8	3809	1299	5108	0.7456930305403289	0.0	0.0
mttB	656	C	0	3670	0	1372	0	0	8	0	5042	8	1372	3670	5042	0.2721142403808013	0.0	0.0
mttB	660	C	0	1229	0	3966	0	0	8	0	5195	8	3966	1229	5195	0.7634263715110683	0.0	0.0
mttB	662	C	0	2312	0	2873	0	0	10	0	5185	10	2873	2312	5185	0.5540983606557377	0.0	0.0
mttB	668	C	0	1967	0	3193	0	0	10	0	5160	10	3193	1967	5160	0.618798449612403	0.0	0.0
mttB	693	C	0	641	0	4517	0	0	11	0	5158	11	4517	641	5158	0.8757270259790616	0.0	0.0
mttB	699	C	0	1479	0	3610	0	0	11	0	5089	11	3610	1479	5089	0.7093731577913146	0.0	0.0
mttB	700	C	0	460	0	4540	0	0	11	0	5000	11	4540	460	5000	0.908	0.0	0.0
mttB	705	C	0	553	0	4568	0	0	10	0	5121	10	4568	553	5121	0.8920132786565124	0.0	0.0
mttB	710	T	0	3507	0	1635	11	0	0	0	5142	11	3507	1635	5142	0.6820303383897316	0.0	0.0
mttB	717	C	0	1148	0	4021	0	0	11	0	5169	11	4021	1148	5169	0.7779067517895144	0.0	0.0
mttB	735	C	0	1076	0	4350	0	0	11	0	5426	11	4350	1076	5426	0.8016955399926281	0.0	0.0
mttB	753	C	0	2284	0	3206	0	0	19	0	5490	19	3206	2284	5490	0.5839708561020036	0.0	0.0
mttB	754	C	0	1305	0	4245	0	0	19	0	5550	19	4245	1305	5550	0.7648648648648648	0.0	0.0
mttB	765	C	0	2084	0	3408	0	0	19	0	5492	19	3408	2084	5492	0.6205389657683904	0.0	0.0
mttB	767	C	0	1031	0	4472	0	0	19	0	5503	19	4472	1031	5503	0.8126476467381428	0.0	0.0
mttB	770	C	0	2508	0	2893	0	0	19	0	5401	19	2893	2508	5401	0.5356415478615071	0.0	0.0
mttB	773	T	0	2310	0	2750	19	0	0	0	5060	19	2310	2750	5060	0.45652173913043476	0.0	0.0
mttB	779	T	0	2772	0	2417	19	0	0	0	5189	19	2772	2417	5189	0.5342069762960108	0.0	0.0
mttB	780	T	0	2994	0	2221	19	0	0	0	5215	19	2994	2221	5215	0.5741131351869607	0.0	0.0
mttB	801	C	0	2500	0	3120	0	0	18	0	5620	18	3120	2500	5620	0.5551601423487544	0.0	0.0
mttB	807	C	0	3437	0	2390	0	0	14	0	5827	14	2390	3437	5827	0.41015960185344086	0.0	0.0
mttB	842	T	0	4529	0	1775	14	0	0	0	6304	14	4529	1775	6304	0.7184327411167513	0.0	0.0
mttB	860	C	0	1419	0	4668	0	0	17	0	6087	17	4668	1419	6087	0.7668802365697388	0.0	0.0
mttB	870	C	0	2103	0	4217	0	0	15	0	6320	15	4217	2103	6320	0.667246835443038	0.0	0.0
mttB	871	C	0	2428	0	3902	0	0	15	0	6330	15	3902	2428	6330	0.6164296998420221	0.0	0.0
mttB	890	T	0	4946	0	1258	13	0	0	0	6204	13	4946	1258	6204	0.7972275950999356	0.0	0.0
mttB	891	T	0	3524	0	2718	13	0	0	0	6242	13	3524	2718	6242	0.5645626401794297	0.0	0.0
mttB	893	T	0	4060	0	2193	13	0	0	0	6253	13	4060	2193	6253	0.6492883415960339	0.0	0.0
mttB	908	T	0	3968	0	1765	21	0	0	0	5733	21	3968	1765	5733	0.692133263561835	0.0	0.0
mttB	920	C	0	2021	0	3119	0	0	22	0	5140	22	3119	2021	5140	0.6068093385214007	0.0	0.0
mttB	927	C	0	2073	0	2960	0	0	22	0	5033	22	2960	2073	5033	0.5881184184383071	0.0	0.0
mttB	929	T	0	3329	0	1703	19	0	0	0	5032	19	3329	1703	5032	0.6615659777424483	0.0	0.0
mttB	1043	T	0	31	0	192	13	0	0	0	223	13	31	192	223	0.13901345291479822	3.0566043914416443e-7	1.0621576209756814e-5
nad1	78	C	0	1705	0	4134	0	0	18	0	5839	18	4134	1705	5839	0.7079979448535708	0.0	0.0
nad1	95	C	0	581	0	6330	0	0	20	0	6911	20	6330	581	6911	0.9159311242946028	0.0	0.0
nad1	101	C	0	3750	0	3309	0	0	23	0	7059	23	3309	3750	7059	0.46876328091797703	0.0	0.0
nad1	124	C	0	638	0	7214	0	0	27	0	7852	27	7214	638	7852	0.9187468160978095	0.0	0.0
nad1	128	T	0	7616	0	407	28	0	0	0	8023	28	7616	407	8023	0.9492708463168391	0.0	0.0
nad1	129	T	0	7585	0	433	28	0	0	0	8018	28	7585	433	8018	0.945996507857321	0.0	0.0
nad1	138	C	0	719	0	7493	0	0	32	0	8212	32	7493	719	8212	0.912445202143205	0.0	0.0
nad1	147	T	0	8129	0	615	38	0	0	0	8744	38	8129	615	8744	0.9296660567246111	0.0	0.0
nad1	153	C	0	232	0	8699	0	0	37	0	8931	37	8699	232	8931	0.9740230657261225	0.0	0.0
nad1	159	C	0	273	0	8666	0	0	37	0	8939	37	8666	273	8939	0.9694596711041503	0.0	0.0
nad1	184	C	0	7308	0	1338	0	0	39	0	8646	39	1338	7308	8646	0.15475364330326163	3.2630716557094124e-288	1.265944650551912e-286
nad1	188	T	0	8143	0	562	41	0	0	0	8705	41	8143	562	8705	0.9354394026421596	0.0	0.0
nad1	194	T	0	7165	0	1551	41	0	0	0	8716	41	7165	1551	8716	0.8220513997246444	0.0	0.0
nad1	204	T	0	7199	0	1057	42	0	0	0	8256	42	7199	1057	8256	0.8719718992248062	0.0	0.0
nad1	219	C	0	1067	0	6142	0	0	41	0	7209	41	6142	1067	7209	0.8519905673463726	0.0	0.0
nad1	222	C	0	414	0	6976	0	0	43	0	7390	43	6976	414	7390	0.943978349120433	0.0	0.0
nad1	233	T	0	5487	0	1629	40	0	0	0	7116	40	5487	1629	7116	0.771079258010118	0.0	0.0
nad1	237	T	0	6016	0	1072	37	0	0	0	7088	37	6016	1072	7088	0.8487584650112867	0.0	0.0
nad1	240	C	0	675	0	6514	0	0	36	0	7189	36	6514	675	7189	0.9061065516761719	0.0	0.0
nad1	258	C	0	508	0	5201	0	0	39	0	5709	39	5201	508	5709	0.9110176913645122	0.0	0.0
nad1	278	C	0	730	0	4448	0	0	36	0	5178	36	4448	730	5178	0.8590189262263422	0.0	0.0
nad1	279	C	0	769	0	4406	0	0	36	0	5175	36	4406	769	5175	0.8514009661835749	0.0	0.0
nad1	284	C	0	328	0	4713	0	0	35	0	5041	35	4713	328	5041	0.9349335449315612	0.0	0.0
nad1	306	C	0	472	0	3383	0	0	30	0	3855	30	3383	472	3855	0.8775616083009079	0.0	0.0
nad1	315	T	0	2869	0	735	25	0	0	0	3604	25	2869	735	3604	0.7960599334073252	0.0	0.0
nad1	318	T	0	2346	0	1049	22	0	0	0	3395	22	2346	1049	3395	0.6910162002945508	0.0	0.0
nad1	330	C	0	975	0	2334	0	0	25	0	3309	25	2334	975	3309	0.7053490480507706	0.0	0.0
nad1	333	C	0	318	0	3006	0	0	25	0	3324	25	3006	318	3324	0.9043321299638989	0.0	0.0
nad1	1241	C	0	230	0	1630	0	0	72	0	1860	72	1630	230	1860	0.8763440860215054	0.0	0.0
nad1	1295	C	0	1728	0	2097	0	0	78	0	3825	78	2097	1728	3825	0.548235294117647	0.0	0.0
nad1	1305	C	0	1617	0	2440	0	0	81	0	4057	81	2440	1617	4057	0.6014296278037959	0.0	0.0
nad1	1308	T	0	2405	0	1677	77	0	0	0	4082	77	2405	1677	4082	0.589171974522293	0.0	0.0
nad1	1311	C	0	1345	0	2806	0	0	79	0	4151	79	2806	1345	4151	0.675981691158757	0.0	0.0
nad1	1332	C	0	462	0	4147	0	0	81	0	4609	81	4147	462	4609	0.8997613365155132	0.0	0.0
nad1	1338	C	0	387	0	3975	0	0	80	0	4362	80	3975	387	4362	0.9112792297111417	0.0	0.0
nad1	1350	C	0	950	0	3256	0	0	85	0	4206	85	3256	950	4206	0.7741321921065145	0.0	0.0
nad1	1352	T	0	3405	0	915	85	0	0	0	4320	85	3405	915	4320	0.7881944444444444	0.0	0.0
nad1	1354	C	0	3990	0	334	0	0	83	0	4324	83	334	3990	4324	0.07724329324699353	1.2894966965381552e-14	4.55489173464053e-13
nad1	1377	C	0	1136	0	3120	0	0	92	0	4256	92	3120	1136	4256	0.7330827067669173	0.0	0.0
nad1	1398	C	0	1214	0	2700	0	0	108	0	3914	108	2700	1214	3914	0.6898313745528871	0.0	0.0
nad1	1401	T	0	2660	0	1171	102	0	0	0	3831	102	2660	1171	3831	0.6943356825894023	0.0	0.0
nad1	1406	C	0	1311	0	2402	0	0	102	0	3713	102	2402	1311	3713	0.6469162402370051	0.0	0.0
nad1	2303	C	0	2470	0	269	0	0	55	0	2739	55	269	2470	2739	0.0982110259218693	4.92104375648926e-25	1.7563756963813255e-23
nad1	2879	C	0	246	0	2764	0	0	106	0	3010	106	2764	246	3010	0.9182724252491694	0.0	0.0
nad1	2885	T	0	1635	0	1203	96	0	0	0	2838	96	1635	1203	2838	0.5761099365750528	0.0	0.0
nad1	2888	C	0	139	0	2727	0	0	98	0	2866	98	2727	139	2866	0.9515003489183531	0.0	0.0
nad1	2890	T	0	1376	0	1497	93	0	0	0	2873	93	1376	1497	2873	0.47894187260703097	0.0	0.0
nad1	2894	T	0	2369	0	515	86	0	0	0	2884	86	2369	515	2884	0.8214285714285714	0.0	0.0
nad1	2898	C	0	1359	0	1519	0	0	85	0	2878	85	1519	1359	2878	0.5277970813064629	0.0	0.0
nad1	2900	T	0	1566	0	1150	79	0	0	0	2716	79	1566	1150	2716	0.5765832106038291	0.0	0.0
nad1	2902	T	0	1074	0	1599	81	0	0	0	2673	81	1074	1599	2673	0.40179573512906847	0.0	0.0
nad1	2912	T	0	2158	0	568	77	0	0	0	2726	77	2158	568	2726	0.7916360968451944	0.0	0.0
nad1	2916	C	0	482	0	2347	0	0	78	0	2829	78	2347	482	2829	0.8296217744786144	0.0	0.0
nad1	2933	C	0	192	0	2317	0	0	36	0	2509	36	2317	192	2509	0.9234754882423276	0.0	0.0
nad1	2956	C	0	222	0	2494	0	0	39	0	2716	39	2494	222	2716	0.9182621502209131	0.0	0.0
nad1	2966	T	0	2936	0	186	40	0	0	0	3122	40	2936	186	3122	0.9404228058936579	0.0	0.0
nad1	2995	T	0	3721	0	363	39	0	0	0	4084	39	3721	363	4084	0.9111165523996082	0.0	0.0
nad1	3013	C	0	244	0	4344	0	0	39	0	4588	39	4344	244	4588	0.946817785527463	0.0	0.0
nad1	3020	T	0	4330	0	391	42	0	0	0	4721	42	4330	391	4721	0.9171785638635882	0.0	0.0
nad1	3028	T	0	4265	0	502	42	0	0	0	4767	42	4265	502	4767	0.894692678833648	0.0	0.0
nad1	3047	C	0	409	0	4480	0	0	40	0	4889	40	4480	409	4889	0.9163428103906729	0.0	0.0
nad1	3053	T	0	4271	0	683	40	0	0	0	4954	40	4271	683	4954	0.8621316108195398	0.0	0.0
nad1	3059	C	0	604	0	4356	0	0	36	0	4960	36	4356	604	4960	0.8782258064516129	0.0	0.0
nad1	3062	T	0	4426	0	555	36	0	0	0	4981	36	4426	555	4981	0.8885765910459748	0.0	0.0
nad1	3083	C	0	213	0	4897	0	0	27	0	5110	27	4897	213	5110	0.9583170254403132	0.0	0.0
nad1	3089	C	0	278	0	4748	0	0	23	0	5026	23	4748	278	5026	0.9446876243533625	0.0	0.0
nad1	3092	T	0	4755	0	312	23	0	0	0	5067	23	4755	312	5067	0.9384251036116045	0.0	0.0
nad1	3098	T	0	4659	0	393	24	0	0	0	5052	24	4659	393	5052	0.922209026128266	0.0	0.0
nad1	3104	T	0	4684	0	505	24	0	0	0	5189	24	4684	505	5189	0.9026787434958566	0.0	0.0
nad1	3110	C	0	236	0	5003	0	0	23	0	5239	23	5003	236	5239	0.9549532353502577	0.0	0.0
nad1	3114	C	0	3959	0	1212	0	0	21	0	5171	21	1212	3959	5171	0.2343840649777606	0.0	0.0
nad1	3116	T	0	4643	0	475	13	0	0	0	5118	13	4643	475	5118	0.9071903087143416	0.0	0.0
nad1	3128	C	0	329	0	5030	0	0	9	0	5359	9	5030	329	5359	0.9386079492442619	0.0	0.0
nad1	3136	C	0	421	0	4698	0	0	6	0	5119	6	4698	421	5119	0.9177573744872045	0.0	0.0
nad1	3137	T	0	4788	0	436	6	0	0	0	5224	6	4788	436	5224	0.9165390505359877	0.0	0.0
nad1	3140	T	0	4639	0	490	5	0	0	0	5129	5	4639	490	5129	0.904464807954767	0.0	0.0
nad1	3155	C	0	393	0	4172	0	0	4	0	4565	4	4172	393	4565	0.9139101861993428	0.0	0.0
nad1	3156	C	0	265	0	4327	0	0	3	0	4592	3	4327	265	4592	0.9422909407665505	0.0	0.0
nad1	3158	C	0	321	0	4198	0	0	3	0	4519	3	4198	321	4519	0.9289665855277717	0.0	0.0
nad1	3160	C	0	403	0	4214	0	0	3	0	4617	3	4214	403	4617	0.9127138834741174	0.0	0.0
nad1	3164	C	0	525	0	3986	0	0	2	0	4511	2	3986	525	4511	0.8836178230990911	0.0	0.0
nad1	3182	C	0	583	0	3625	0	0	4	0	4208	4	3625	583	4208	0.8614543726235742	0.0	0.0
nad1	5404	C	0	948	0	4409	0	0	19	0	5357	19	4409	948	5357	0.8230352809408251	0.0	0.0
nad1	5407	C	0	988	0	4469	0	0	17	0	5457	17	4469	988	5457	0.818948140003665	0.0	0.0
nad1	5412	C	0	1317	0	4229	0	0	15	0	5546	15	4229	1317	5546	0.7625315542733502	0.0	0.0
nad1	5413	C	0	685	0	4929	0	0	16	0	5614	16	4929	685	5614	0.8779836123975775	0.0	0.0
nad1	5425	C	0	1068	0	5123	0	0	13	0	6191	13	5123	1068	6191	0.827491519948312	0.0	0.0
nad1	5427	T	0	5227	0	1070	13	0	0	0	6297	13	5227	1070	6297	0.8300778148324599	0.0	0.0
nad1	5472	C	0	171	0	8011	0	0	17	0	8182	17	8011	171	8182	0.9791004644341237	0.0	0.0
nad1	5500	C	0	197	0	7382	0	0	17	0	7579	17	7382	197	7579	0.9740071249505212	0.0	0.0
nad1	5520	T	0	7795	0	388	18	0	0	0	8183	18	7795	388	8183	0.9525846266650373	0.0	0.0
nad1	5533	T	0	8106	0	370	17	0	0	0	8476	17	8106	370	8476	0.9563473336479471	0.0	0.0
nad1	5535	T	0	8177	0	443	17	0	0	0	8620	17	8177	443	8620	0.9486078886310905	0.0	0.0
nad1	5538	C	0	183	0	8606	0	0	17	0	8789	17	8606	183	8789	0.9791785186027989	0.0	0.0
nad1	5541	T	0	8197	0	639	18	0	0	0	8836	18	8197	639	8836	0.9276822091444092	0.0	0.0
nad1	5550	T	0	8558	0	720	18	0	0	0	9278	18	8558	720	9278	0.9223970683336926	0.0	0.0
nad1	5554	C	0	1283	0	8094	0	0	17	0	9377	17	8094	1283	9377	0.8631758558174256	0.0	0.0
nad1	5568	C	0	342	0	9782	0	0	17	0	10124	17	9782	342	10124	0.966218885815883	0.0	0.0
nad1	5581	C	0	406	0	10149	0	0	18	0	10555	18	10149	406	10555	0.9615348176219801	0.0	0.0
nad1	5598	C	0	208	0	9883	0	0	17	0	10091	17	9883	208	10091	0.9793875730849272	0.0	0.0
nad1	5608	C	0	249	0	9237	0	0	16	0	9486	16	9237	249	9486	0.9737507906388362	0.0	0.0
nad1	5614	T	0	9096	0	295	14	0	0	0	9391	14	9096	295	9391	0.9685869449472899	0.0	0.0
nad1	5623	C	0	499	0	7827	0	0	15	0	8326	15	7827	499	8326	0.9400672591880855	0.0	0.0
nad1	5646	C	0	142	0	7980	0	0	10	0	8122	10	7980	142	8122	0.9825166215217926	0.0	0.0
nad1	5722	T	0	8	0	17	3	0	0	0	25	3	8	17	25	0.32	1.958055407934637e-5	0.0006776660395860447
nad2	78	C	0	524	0	2898	0	0	0	0	3422	0	2898	524	3422	0.8468731735827002	0.0	0.0
nad2	105	C	0	663	0	3842	0	0	0	0	4505	0	3842	663	4505	0.8528301886792453	0.0	0.0
nad2	109	C	0	3469	0	1097	0	0	0	0	4566	0	1097	3469	4566	0.24025405168637756	0.0	0.0
nad2	132	C	0	403	0	4888	0	0	0	0	5291	0	4888	403	5291	0.9238329238329238	0.0	0.0
nad2	156	C	0	410	0	5389	0	0	0	0	5799	0	5389	410	5799	0.9292981548542852	0.0	0.0
nad2	157	C	0	843	0	5014	0	0	0	0	5857	0	5014	843	5857	0.8560696602356155	0.0	0.0
nad2	161	C	0	446	0	5463	0	0	0	0	5909	0	5463	446	5909	0.9245219157217803	0.0	0.0
nad2	188	T	0	4603	0	2068	0	0	0	0	6671	0	4603	2068	6671	0.6900014990256333	0.0	0.0
nad2	201	T	0	5978	0	1281	0	0	0	0	7259	0	5978	1281	7259	0.8235294117647058	0.0	0.0
nad2	237	C	0	1520	0	5704	0	0	1	0	7224	1	5704	1520	7224	0.7895902547065338	0.0	0.0
nad2	1691	C	0	2116	0	5658	0	0	20	0	7774	20	5658	2116	7774	0.727810650887574	0.0	0.0
nad2	1730	C	0	774	0	6309	0	0	11	0	7083	11	6309	774	7083	0.8907242693773825	0.0	0.0
nad2	1757	C	0	1186	0	6722	0	0	9	0	7908	9	6722	1186	7908	0.8500252908447142	0.0	0.0
nad2	1768	C	0	607	0	7251	0	0	8	0	7858	8	7251	607	7858	0.9227538813947569	0.0	0.0
nad2	1781	C	0	862	0	7520	0	0	6	0	8382	6	7520	862	8382	0.8971605821999523	0.0	0.0
nad2	1783	C	0	7822	0	479	0	0	6	0	8301	6	479	7822	8301	0.05770389109745814	0.000873492887021221	0.029964375587106577
nad2	1811	C	0	632	0	8777	0	0	9	0	9409	9	8777	632	9409	0.9328302688914869	0.0	0.0
nad2	1850	C	0	1438	0	9831	0	0	12	0	11269	12	9831	1438	11269	0.8723932913301979	0.0	0.0
nad2	1874	C	0	1195	0	10456	0	0	16	0	11651	16	10456	1195	11651	0.8974336966783967	0.0	0.0
nad2	1882	C	0	510	0	10586	0	0	17	0	11096	17	10586	510	11096	0.9540374909877434	0.0	0.0
nad2	1892	C	0	585	0	10738	0	0	17	0	11323	17	10738	585	11323	0.9483352468427095	0.0	0.0
nad2	1916	C	0	1202	0	10477	0	0	20	0	11679	20	10477	1202	11679	0.8970802294717013	0.0	0.0
nad2	1943	C	0	509	0	10034	0	0	23	0	10543	23	10034	509	10543	0.9517215213885991	0.0	0.0
nad2	1945	T	0	9158	0	1340	19	0	0	0	10498	19	9158	1340	10498	0.8723566393598781	0.0	0.0
nad2	1952	C	0	529	0	10144	0	0	22	0	10673	22	10144	529	10673	0.9504356788157031	0.0	0.0
nad2	1960	C	0	856	0	10168	0	0	20	0	11024	20	10168	856	11024	0.9223512336719883	0.0	0.0
nad2	1997	T	0	11319	0	834	23	0	0	0	12153	23	11319	834	12153	0.9313749691434213	0.0	0.0
nad2	2000	T	0	10874	0	1387	24	0	0	0	12261	24	10874	1387	12261	0.8868770899600359	0.0	0.0
nad2	2021	C	0	949	0	9900	0	0	28	0	10849	28	9900	949	10849	0.9125265001382616	0.0	0.0
nad2	2027	C	0	973	0	10191	0	0	26	0	11164	26	10191	973	11164	0.9128448584736654	0.0	0.0
nad2	2276	A	2298	0	0	0	0	10	0	52	2298	62	10	52	62	0.16129032258064516	0.0009611637169677882	0.03295863874166317
nad2	4086	C	0	1341	0	283	0	0	20	0	1624	20	283	1341	1624	0.17426108374384236	5.374787334783441e-74	1.967530636879703e-72
nad2	4154	C	0	1166	0	8371	0	0	23	0	9537	23	8371	1166	9537	0.8777393310265282	0.0	0.0
nad2	4201	C	0	821	0	10002	0	0	23	0	10823	23	10002	821	10823	0.9241430287351011	0.0	0.0
nad2	4210	C	0	542	0	8434	0	0	22	0	8976	22	8434	542	8976	0.9396167557932263	0.0	0.0
nad2	4273	C	0	502	0	7938	0	0	18	0	8440	18	7938	502	8440	0.940521327014218	0.0	0.0
nad2	4297	C	0	305	0	8677	0	0	17	0	8982	17	8677	305	8982	0.9660431975061233	0.0	0.0
nad2	4298	C	0	2549	0	6462	0	0	17	0	9011	17	6462	2549	9011	0.7171235157030297	0.0	0.0
nad2	4314	T	0	8056	0	939	16	0	0	0	8995	16	8056	939	8995	0.8956086714841579	0.0	0.0
nad2	4735	C	0	340	0	2612	0	0	15	0	2952	15	2612	340	2952	0.8848238482384824	0.0	0.0
nad2	5446	C	0	183	0	1877	0	0	60	0	2060	60	1877	183	2060	0.9111650485436893	0.0	0.0
nad2	5450	C	0	184	0	1687	0	0	69	0	1871	69	1687	184	1871	0.9016568679850347	0.0	0.0
nad2	5485	T	0	9047	0	1004	71	0	0	0	10051	71	9047	1004	10051	0.9001094418465825	0.0	0.0
nad2	5511	C	0	584	0	9035	0	0	73	0	9619	73	9035	584	9619	0.9392868281526147	0.0	0.0
nad2	5535	C	0	490	0	7002	0	0	82	0	7492	82	7002	490	7492	0.9345969033635878	0.0	0.0
nad2	5536	C	0	380	0	7100	0	0	82	0	7480	82	7100	380	7480	0.9491978609625669	0.0	0.0
nad2	5557	C	0	218	0	5584	0	0	81	0	5802	81	5584	218	5802	0.9624267493967598	0.0	0.0
nad2	5560	C	0	172	0	5635	0	0	83	0	5807	83	5635	172	5807	0.9703805751679008	0.0	0.0
nad2	5561	C	0	3923	0	1881	0	0	88	0	5804	88	1881	3923	5804	0.3240868366643694	0.0	0.0
nad2	5571	C	0	251	0	5850	0	0	88	0	6101	88	5850	251	6101	0.9588592034092772	0.0	0.0
nad2	5573	C	0	5476	0	606	0	0	85	0	6082	85	606	5476	6082	0.0996382768826044	4.654025838104694e-56	1.6899561252588557e-54
nad2	5578	T	0	5711	0	233	82	0	0	0	5944	82	5711	233	5944	0.9608008075370121	0.0	0.0
nad2	5586	T	0	5799	0	385	73	0	0	0	6184	73	5799	385	6184	0.9377425614489003	0.0	0.0
nad2	5598	C	0	427	0	6014	0	0	75	0	6441	75	6014	427	6441	0.9337059462816333	0.0	0.0
nad2	5617	T	0	5779	0	153	73	0	0	0	5932	73	5779	153	5932	0.9742076871207013	0.0	0.0
nad2	5624	C	0	4833	0	1285	0	0	73	0	6118	73	1285	4833	6118	0.2100359594638771	0.0	0.0
nad2	5649	T	0	4760	0	249	81	0	0	0	5009	81	4760	249	5009	0.9502894789379117	0.0	0.0
nad2	5671	C	0	73	0	5015	0	0	68	0	5088	68	5015	73	5088	0.9856525157232704	0.0	0.0
nad2	5707	C	0	153	0	4910	0	0	99	0	5063	99	4910	153	5063	0.9697807623938376	0.0	0.0
nad2	5711	C	0	3852	0	1146	0	0	91	0	4998	91	1146	3852	4998	0.22929171668667467	0.0	0.0
nad2	5721	C	0	154	0	4527	0	0	91	0	4681	91	4527	154	4681	0.9671010467848751	0.0	0.0
nad2	5728	T	0	4363	0	254	92	0	0	0	4617	92	4363	254	4617	0.9449859215941088	0.0	0.0
nad2	5731	C	0	334	0	4296	0	0	94	0	4630	94	4296	334	4630	0.9278617710583154	0.0	0.0
nad2	5742	T	0	4343	0	415	90	0	0	0	4758	90	4343	415	4758	0.9127784783522488	0.0	0.0
nad2	5749	C	0	218	0	4190	0	0	89	0	4408	89	4190	218	4408	0.9505444646098004	0.0	0.0
nad2	5764	C	0	591	0	3265	0	0	95	0	3856	95	3265	591	3856	0.8467323651452282	0.0	0.0
nad2	5769	C	0	72	0	3885	0	0	94	0	3957	94	3885	72	3957	0.9818043972706596	0.0	0.0
nad2	5776	C	0	127	0	3937	0	0	89	0	4064	89	3937	127	4064	0.96875	0.0	0.0
nad2	5782	T	0	3858	0	152	93	0	0	0	4010	93	3858	152	4010	0.9620947630922694	0.0	0.0
nad2	5817	T	0	5072	0	308	74	0	0	0	5380	74	5072	308	5380	0.9427509293680297	0.0	0.0
nad2	5822	C	0	282	0	5255	0	0	74	0	5537	74	5255	282	5537	0.9490698934441033	0.0	0.0
nad2	5845	C	0	213	0	5994	0	0	80	0	6207	80	5994	213	6207	0.9656839052682455	0.0	0.0
nad2	5869	T	0	7588	0	290	68	0	0	0	7878	68	7588	290	7878	0.9631886265549632	0.0	0.0
nad2	5887	C	0	248	0	7848	0	0	62	0	8096	62	7848	248	8096	0.9693675889328063	0.0	0.0
nad2	5904	C	0	264	0	8284	0	0	69	0	8548	69	8284	264	8548	0.9691155825924193	0.0	0.0
nad2	5905	T	0	8164	0	347	68	0	0	0	8511	68	8164	347	8511	0.9592292327576079	0.0	0.0
nad2	5920	T	0	8269	0	484	68	0	0	0	8753	68	8269	484	8753	0.9447046726836513	0.0	0.0
nad2	5937	C	0	292	0	8402	0	0	71	0	8694	71	8402	292	8694	0.9664136185875316	0.0	0.0
nad2	5949	C	0	49	0	8837	0	0	69	0	8886	69	8837	49	8886	0.9944857078550529	0.0	0.0
nad2	5968	C	0	136	0	8961	0	0	72	0	9097	72	8961	136	9097	0.9850500164889524	0.0	0.0
nad2	6024	C	0	85	0	6586	0	0	61	0	6671	61	6586	85	6671	0.9872582821166241	0.0	0.0
nad2	7357	C	0	766	0	970	0	0	247	0	1736	247	970	766	1736	0.5587557603686636	0.0	0.0
nad2	7514	C	0	187	0	7483	0	0	288	0	7670	288	7483	187	7670	0.975619295958279	0.0	0.0
nad2	7517	C	0	321	0	7369	0	0	284	0	7690	284	7369	321	7690	0.958257477243173	0.0	0.0
nad2	7527	C	0	581	0	7057	0	0	282	0	7638	282	7057	581	7638	0.9239329667452213	0.0	0.0
nad2	7528	C	0	375	0	7263	0	0	290	0	7638	290	7263	375	7638	0.950903377847604	0.0	0.0
nad2	7541	T	0	6756	0	391	279	0	0	0	7147	279	6756	391	7147	0.9452917307961383	0.0	0.0
nad2	7591	C	0	198	0	4502	0	0	289	0	4700	289	4502	198	4700	0.9578723404255319	0.0	0.0
nad3	78	T	0	3445	0	620	4	0	0	0	4065	4	3445	620	4065	0.8474784747847478	0.0	0.0
nad3	84	T	0	3932	0	299	5	0	0	0	4231	5	3932	299	4231	0.9293311273930512	0.0	0.0
nad3	103	T	0	692	0	4185	4	0	0	0	4877	4	692	4185	4877	0.14189050645888865	6.49502932971005e-131	2.426369530094955e-129
nad3	106	C	0	4176	0	850	0	0	4	0	5026	4	850	4176	5026	0.16912057302029446	2.796796218532139e-209	1.0652583746413582e-207
nad3	129	C	0	297	0	5680	0	0	6	0	5977	6	5680	297	5977	0.9503095198259996	0.0	0.0
nad3	134	C	0	339	0	5729	0	0	8	0	6068	8	5729	339	6068	0.9441331575477917	0.0	0.0
nad3	141	C	0	310	0	5718	0	0	8	0	6028	8	5718	310	6028	0.9485733244857333	0.0	0.0
nad3	153	T	0	5779	0	477	6	0	0	0	6256	6	5779	477	6256	0.9237531969309463	0.0	0.0
nad3	168	T	0	5838	0	768	6	0	0	0	6606	6	5838	768	6606	0.8837420526793823	0.0	0.0
nad3	203	C	0	540	0	7054	0	0	4	0	7594	4	7054	540	7594	0.9288912299183566	0.0	0.0
nad3	209	C	0	532	0	7107	0	0	4	0	7639	4	7107	532	7639	0.9303573766199764	0.0	0.0
nad3	216	C	0	1056	0	6188	0	0	4	0	7244	4	6188	1056	7244	0.8542241855328547	0.0	0.0
nad3	222	T	0	6148	0	1047	4	0	0	0	7195	4	6148	1047	7195	0.8544822793606671	0.0	0.0
nad3	224	C	0	1105	0	6219	0	0	4	0	7324	4	6219	1105	7324	0.8491261605679956	0.0	0.0
nad3	234	T	0	6961	0	736	3	0	0	0	7697	3	6961	736	7697	0.9043783292191763	0.0	0.0
nad3	252	C	0	852	0	6928	0	0	3	0	7780	3	6928	852	7780	0.8904884318766066	0.0	0.0
nad3	254	T	0	6465	0	1338	3	0	0	0	7803	3	6465	1338	7803	0.8285274894271434	0.0	0.0
nad3	257	C	0	1031	0	6987	0	0	3	0	8018	3	6987	1031	8018	0.8714143177849838	0.0	0.0
nad3	258	C	0	952	0	7078	0	0	3	0	8030	3	7078	952	8030	0.8814445828144458	0.0	0.0
nad3	264	C	0	1153	0	6970	0	0	3	0	8123	3	6970	1153	8123	0.8580573679674997	0.0	0.0
nad3	273	C	0	1134	0	6229	0	0	5	0	7363	5	6229	1134	7363	0.8459866902077957	0.0	0.0
nad3	276	C	0	1027	0	6280	0	0	6	0	7307	6	6280	1027	7307	0.8594498426166689	0.0	0.0
nad3	289	C	0	1356	0	6496	0	0	6	0	7852	6	6496	1356	7852	0.8273051451859399	0.0	0.0
nad3	294	C	0	521	0	7521	0	0	6	0	8042	6	7521	521	8042	0.935215120616762	0.0	0.0
nad3	305	C	0	443	0	7895	0	0	6	0	8338	6	7895	443	8338	0.9468697529383545	0.0	0.0
nad3	309	C	0	600	0	8052	0	0	6	0	8652	6	8052	600	8652	0.9306518723994452	0.0	0.0
nad3	330	C	0	1702	0	6272	0	0	7	0	7974	7	6272	1702	7974	0.7865563080010033	0.0	0.0
nad3	354	C	0	595	0	7153	0	0	7	0	7748	7	7153	595	7748	0.9232059886422302	0.0	0.0
nad3	356	C	0	530	0	7298	0	0	7	0	7828	7	7298	530	7828	0.9322943280531426	0.0	0.0
nad3	377	C	0	718	0	5799	0	0	8	0	6517	8	5799	718	6517	0.8898266073346632	0.0	0.0
nad3	383	C	0	727	0	5406	0	0	8	0	6133	8	5406	727	6133	0.8814609489646177	0.0	0.0
nad3	384	C	0	363	0	5770	0	0	8	0	6133	8	5770	363	6133	0.9408120006522094	0.0	0.0
nad3	388	C	0	4447	0	1359	0	0	8	0	5806	8	1359	4447	5806	0.23406820530485706	0.0	0.0
nad3	396	C	0	381	0	5263	0	0	8	0	5644	8	5263	381	5644	0.9324946846208363	0.0	0.0
nad3	401	C	0	866	0	4743	0	0	8	0	5609	8	4743	866	5609	0.8456052772330184	0.0	0.0
nad3	438	C	0	3680	0	242	0	0	4	0	3922	4	242	3680	3922	0.06170321264660887	0.0006281306040994151	0.021564726028389825
nad3	482	C	0	889	0	70	0	0	2	0	959	2	70	889	959	0.072992700729927	0.0012567276199628328	0.04304191560163106
nad4	60	C	0	150	0	2865	0	0	16	0	3015	16	2865	150	3015	0.9502487562189055	0.0	0.0
nad4	61	C	0	229	0	2792	0	0	16	0	3021	16	2792	229	3021	0.9241972856669977	0.0	0.0
nad4	67	C	0	2733	0	507	0	0	16	0	3240	16	507	2733	3240	0.15648148148148147	2.073919189567924e-112	7.707256196544026e-111
nad4	78	C	0	334	0	3192	0	0	21	0	3526	21	3192	334	3526	0.9052750992626205	0.0	0.0
nad4	86	T	0	3311	0	358	32	0	0	0	3669	32	3311	358	3669	0.9024257290814935	0.0	0.0
nad4	89	C	0	2355	0	1349	0	0	35	0	3704	35	1349	2355	3704	0.3642008639308855	0.0	0.0
nad4	107	T	0	3682	0	256	53	0	0	0	3938	53	3682	256	3938	0.9349923819197562	0.0	0.0
nad4	108	C	0	199	0	3755	0	0	54	0	3954	54	3755	199	3954	0.9496712190187152	0.0	0.0
nad4	111	C	0	349	0	3646	0	0	57	0	3995	57	3646	349	3995	0.9126408010012516	0.0	0.0
nad4	120	T	0	3472	0	556	61	0	0	0	4028	61	3472	556	4028	0.8619662363455809	0.0	0.0
nad4	126	T	0	3551	0	513	60	0	0	0	4064	60	3551	513	4064	0.87376968503937	0.0	0.0
nad4	134	T	0	3375	0	727	59	0	0	0	4102	59	3375	727	4102	0.8227693807898586	0.0	0.0
nad4	143	T	0	3223	0	903	63	0	0	0	4126	63	3223	903	4126	0.7811439650993699	0.0	0.0
nad4	150	C	0	326	0	4130	0	0	63	0	4456	63	4130	326	4456	0.9268402154398564	0.0	0.0
nad4	174	T	0	3511	0	400	65	0	0	0	3911	65	3511	400	3911	0.8977243671695219	0.0	0.0
nad4	180	C	0	259	0	3664	0	0	73	0	3923	73	3664	259	3923	0.9339790976293653	0.0	0.0
nad4	186	T	0	3522	0	401	72	0	0	0	3923	72	3522	401	3923	0.8977823094570482	0.0	0.0
nad4	189	C	0	408	0	3556	0	0	77	0	3964	77	3556	408	3964	0.8970736629667003	0.0	0.0
nad4	197	C	0	630	0	3349	0	0	76	0	3979	76	3349	630	3979	0.8416687609952249	0.0	0.0
nad4	201	C	0	715	0	3156	0	0	78	0	3871	78	3156	715	3871	0.8152932058899509	0.0	0.0
nad4	203	T	0	3033	0	848	78	0	0	0	3881	78	3033	848	3881	0.7814996135016749	0.0	0.0
nad4	207	C	0	684	0	3276	0	0	78	0	3960	78	3276	684	3960	0.8272727272727273	0.0	0.0
nad4	230	T	0	2697	0	539	73	0	0	0	3236	73	2697	539	3236	0.8334363411619283	0.0	0.0
nad4	237	C	0	484	0	2851	0	0	79	0	3335	79	2851	484	3335	0.8548725637181409	0.0	0.0
nad4	248	T	0	2739	0	614	77	0	0	0	3353	77	2739	614	3353	0.8168804056069192	0.0	0.0
nad4	297	C	0	245	0	2405	0	0	68	0	2650	68	2405	245	2650	0.9075471698113208	0.0	0.0
nad4	299	C	0	277	0	2353	0	0	68	0	2630	68	2353	277	2630	0.8946768060836502	0.0	0.0
nad4	300	T	0	2365	0	277	65	0	0	0	2642	65	2365	277	2642	0.8951551854655564	0.0	0.0
nad4	306	C	0	303	0	2366	0	0	64	0	2669	64	2366	303	2669	0.8864743349569127	0.0	0.0
nad4	312	C	0	339	0	2267	0	0	67	0	2606	67	2267	339	2606	0.8699155794320799	0.0	0.0
nad4	318	C	0	286	0	2285	0	0	68	0	2571	68	2285	286	2571	0.8887592376507195	0.0	0.0
nad4	324	T	0	1715	0	313	67	0	0	0	2028	67	1715	313	2028	0.8456607495069034	0.0	0.0
nad4	327	C	0	219	0	1855	0	0	66	0	2074	66	1855	219	2074	0.8944069431051109	0.0	0.0
nad4	330	C	0	243	0	1855	0	0	66	0	2098	66	1855	243	2098	0.8841754051477597	0.0	0.0
nad4	335	T	0	1853	0	232	65	0	0	0	2085	65	1853	232	2085	0.8887290167865708	0.0	0.0
nad4	361	C	0	1325	0	549	0	0	46	0	1874	46	549	1325	1874	0.2929562433297759	6.2007686565204e-254	2.387268051606323e-252
nad4	402	C	0	122	0	1315	0	0	21	0	1437	21	1315	122	1437	0.9151009046624913	0.0	0.0
nad4	420	C	0	90	0	1463	0	0	27	0	1553	27	1463	90	1553	0.9420476497102382	0.0	0.0
nad4	432	C	0	179	0	1520	0	0	26	0	1699	26	1520	179	1699	0.8946439081812831	0.0	0.0
nad4	434	C	0	300	0	1422	0	0	28	0	1722	28	1422	300	1722	0.8257839721254355	0.0	0.0
nad4	450	C	0	191	0	1602	0	0	26	0	1793	26	1602	191	1793	0.8934746235359732	0.0	0.0
nad4	453	C	0	144	0	1732	0	0	21	0	1876	21	1732	144	1876	0.9232409381663113	0.0	0.0
nad4	469	C	0	185	0	1789	0	0	21	0	1974	21	1789	185	1974	0.9062816616008106	0.0	0.0
nad4	485	T	0	2002	0	131	27	0	0	0	2133	27	2002	131	2133	0.9385841537740272	0.0	0.0
nad4	486	T	0	2009	0	175	27	0	0	0	2184	27	2009	175	2184	0.9198717948717948	0.0	0.0
nad4	521	T	0	3554	0	241	35	0	0	0	3795	35	3554	241	3795	0.9364953886693017	0.0	0.0
nad4	533	T	0	3610	0	366	35	0	0	0	3976	35	3610	366	3976	0.9079476861167002	0.0	0.0
nad4	542	C	0	215	0	3740	0	0	35	0	3955	35	3740	215	3955	0.9456384323640961	0.0	0.0
nad4	545	T	0	3773	0	343	36	0	0	0	4116	36	3773	343	4116	0.9166666666666666	0.0	0.0
nad4	551	C	0	197	0	4273	0	0	39	0	4470	39	4273	197	4470	0.9559284116331096	0.0	0.0
nad4	624	T	0	5825	0	296	40	0	0	0	6121	40	5825	296	6121	0.9516418885802973	0.0	0.0
nad4	654	C	0	177	0	6209	0	0	35	0	6386	35	6209	177	6386	0.9722831193235202	0.0	0.0
nad4	662	T	0	6987	0	428	36	0	0	0	7415	36	6987	428	7415	0.9422791638570466	0.0	0.0
nad4	668	T	0	6676	0	728	37	0	0	0	7404	37	6676	728	7404	0.9016747703943814	0.0	0.0
nad4	685	C	0	661	0	6795	0	0	42	0	7456	42	6795	661	7456	0.9113465665236051	0.0	0.0
nad4	703	C	0	7271	0	533	0	0	41	0	7804	41	533	7271	7804	0.06829830855971297	1.0514958729486605e-12	3.698941295377287e-11
nad4	762	T	0	8484	0	253	30	0	0	0	8737	30	8484	253	8737	0.9710426919995422	0.0	0.0
nad4	765	T	0	8382	0	355	30	0	0	0	8737	30	8382	355	8737	0.959368204189081	0.0	0.0
nad4	777	T	0	8013	0	322	29	0	0	0	8335	29	8013	322	8335	0.961367726454709	0.0	0.0
nad4	797	T	0	6927	0	246	29	0	0	0	7173	29	6927	246	7173	0.9657047260560435	0.0	0.0
nad4	840	T	0	5257	0	139	16	0	0	0	5396	16	5257	139	5396	0.9742401779095626	0.0	0.0
nad4	858	T	0	4040	0	193	5	0	0	0	4233	5	4040	193	4233	0.9544058587290338	0.0	0.0
nad4	866	C	0	187	0	3885	0	0	5	0	4072	5	3885	187	4072	0.9540766208251473	0.0	0.0
nad4	873	T	0	3557	0	305	5	0	0	0	3862	5	3557	305	3862	0.9210253754531331	0.0	0.0
nad4	887	C	0	3488	0	235	0	0	5	0	3723	5	235	3488	3723	0.0631211388665055	0.00022249840716739193	0.007666390791506479
nad4	914	C	0	112	0	3085	0	0	5	0	3197	5	3085	112	3197	0.9649671567094151	0.0	0.0
nad4	915	T	0	3112	0	170	3	0	0	0	3282	3	3112	170	3282	0.9482023156611822	0.0	0.0
nad4	932	T	0	1869	0	297	3	0	0	0	2166	3	1869	297	2166	0.8628808864265928	0.0	0.0
nad4	962	C	0	172	0	2122	0	0	3	0	2294	3	2122	172	2294	0.9250217959895379	0.0	0.0
nad4	966	T	0	2167	0	186	3	0	0	0	2353	3	2167	186	2353	0.920951976200595	0.0	0.0
nad4	974	T	0	2121	0	232	3	0	0	0	2353	3	2121	232	2353	0.9014024649383765	0.0	0.0
nad4	1002	C	0	298	0	2344	0	0	0	0	2642	0	2344	298	2642	0.8872066616199848	0.0	0.0
nad4	1023	C	0	335	0	489	0	0	0	0	824	0	489	335	824	0.5934466019417476	0.0	0.0
nad4	2084	C	0	53	0	337	0	0	3	0	390	3	337	53	390	0.8641025641025641	0.0	0.0
nad4	2935	C	0	1526	0	150	0	0	8	0	1676	8	150	1526	1676	0.08949880668257756	1.1908194662755764e-11	4.1753290401684556e-10
nad4	3042	C	0	292	0	1077	0	0	14	0	1369	14	1077	292	1369	0.7867056245434624	0.0	0.0
nad4	3103	C	0	99	0	3289	0	0	19	0	3388	19	3289	99	3388	0.9707792207792207	0.0	0.0
nad4	3111	T	0	3282	0	163	19	0	0	0	3445	19	3282	163	3445	0.9526850507982584	0.0	0.0
nad4	3136	C	0	539	0	3481	0	0	32	0	4020	32	3481	539	4020	0.8659203980099502	0.0	0.0
nad4	3137	C	0	817	0	3251	0	0	32	0	4068	32	3251	817	4068	0.7991642084562438	0.0	0.0
nad4	3139	C	0	448	0	3656	0	0	32	0	4104	32	3656	448	4104	0.8908382066276803	0.0	0.0
nad4	3142	C	0	328	0	3838	0	0	34	0	4166	34	3838	328	4166	0.9212674027844455	0.0	0.0
nad4	3147	T	0	3729	0	529	34	0	0	0	4258	34	3729	529	4258	0.8757632691404416	0.0	0.0
nad4	3154	C	0	126	0	4221	0	0	33	0	4347	33	4221	126	4347	0.9710144927536232	0.0	0.0
nad4	3159	C	0	160	0	4250	0	0	33	0	4410	33	4250	160	4410	0.963718820861678	0.0	0.0
nad4	3160	T	0	4224	0	291	31	0	0	0	4515	31	4224	291	4515	0.935548172757475	0.0	0.0
nad4	3163	T	0	4093	0	514	33	0	0	0	4607	33	4093	514	4607	0.8884306490123725	0.0	0.0
nad4	3175	C	0	308	0	4332	0	0	31	0	4640	31	4332	308	4640	0.9336206896551724	0.0	0.0
nad4	3177	C	0	489	0	4193	0	0	31	0	4682	31	4193	489	4682	0.8955574540794532	0.0	0.0
nad4	3190	C	0	198	0	4773	0	0	25	0	4971	25	4773	198	4971	0.96016898008449	0.0	0.0
nad4	3198	T	0	4305	0	704	25	0	0	0	5009	25	4305	704	5009	0.8594529846276702	0.0	0.0
nad4	3250	T	0	5445	0	227	24	0	0	0	5672	24	5445	227	5672	0.9599788434414669	0.0	0.0
nad4	3259	T	0	5444	0	313	22	0	0	0	5757	22	5444	313	5757	0.9456314052457877	0.0	0.0
nad4	3263	C	0	209	0	5289	0	0	26	0	5498	26	5289	209	5498	0.9619861767915606	0.0	0.0
nad4	3268	C	0	299	0	5225	0	0	28	0	5524	28	5225	299	5524	0.9458725561187545	0.0	0.0
nad4	3273	C	0	544	0	5074	0	0	30	0	5618	30	5074	544	5618	0.9031683873264507	0.0	0.0
nad4	3277	C	0	303	0	5352	0	0	31	0	5655	31	5352	303	5655	0.9464190981432361	0.0	0.0
nad4	3282	C	0	298	0	5346	0	0	33	0	5644	33	5346	298	5644	0.9472005669737774	0.0	0.0
nad4	3283	C	0	208	0	5458	0	0	32	0	5666	32	5458	208	5666	0.9632897987998588	0.0	0.0
nad4	3302	C	0	5049	0	721	0	0	29	0	5770	29	721	5049	5770	0.12495667244367417	6.501629255017715e-109	2.4109528007898737e-107
nad4	3316	C	0	86	0	5286	0	0	31	0	5372	31	5286	86	5372	0.9839910647803425	0.0	0.0
nad4	3317	C	0	4612	0	793	0	0	32	0	5405	32	793	4612	5405	0.14671600370027751	4.6576316779126094e-158	1.7475915738734064e-156
nad4	3331	C	0	170	0	4992	0	0	28	0	5162	28	4992	170	5162	0.967067028283611	0.0	0.0
nad4	3336	C	0	4573	0	567	0	0	26	0	5140	26	567	4573	5140	0.1103112840466926	8.000897629194214e-67	2.922614580650581e-65
nad4	3337	C	0	134	0	4999	0	0	25	0	5133	25	4999	134	5133	0.9738944087278395	0.0	0.0
nad4	3349	C	0	184	0	4493	0	0	34	0	4677	34	4493	184	4677	0.9606585418002993	0.0	0.0
nad4	3351	T	0	4461	0	261	35	0	0	0	4722	35	4461	261	4722	0.9447268106734434	0.0	0.0
nad4	3376	C	0	952	0	4392	0	0	33	0	5344	33	4392	952	5344	0.8218562874251497	0.0	0.0
nad4	3411	C	0	309	0	4954	0	0	33	0	5263	33	4954	309	5263	0.9412882386471594	0.0	0.0
nad4	3448	C	0	638	0	5425	0	0	31	0	6063	31	5425	638	6063	0.8947715652317335	0.0	0.0
nad4	3514	C	0	411	0	7394	0	0	28	0	7805	28	7394	411	7805	0.9473414477898783	0.0	0.0
nad4	3520	C	0	200	0	7461	0	0	24	0	7661	24	7461	200	7661	0.9738937475525389	0.0	0.0
nad4	3541	C	0	248	0	642	0	0	33	0	890	33	642	248	890	0.7213483146067415	0.0	0.0
nad4	5822	G	0	0	2402	0	0	94	0	17	2402	111	17	94	111	0.15315315315315314	3.8310468698478436e-5	0.0013232179352036383
nad4	6047	G	0	0	2746	0	0	141	0	20	2746	161	20	141	161	0.12422360248447205	0.00017282599439470448	0.005957278630458043
nad4	6198	C	0	2527	0	969	0	0	253	0	3496	253	969	2527	3496	0.27717391304347827	0.0	0.0
nad4	6264	G	0	0	2670	0	0	192	0	37	2670	229	37	192	229	0.1615720524017467	3.6016942695382923e-10	1.2597543645452499e-8
nad4	6323	C	0	205	0	2450	0	0	197	0	2655	197	2450	205	2655	0.9227871939736346	0.0	0.0
nad4	6327	C	0	536	0	1934	0	0	188	0	2470	188	1934	536	2470	0.7829959514170041	0.0	0.0
nad4	6332	C	0	152	0	8445	0	0	184	0	8597	184	8445	152	8597	0.9823194137489822	0.0	0.0
nad4	6333	C	0	7518	0	1213	0	0	185	0	8731	185	1213	7518	8731	0.13893024853968616	6.43558901550321e-220	2.45887745771723e-218
nad4	6337	C	0	624	0	8527	0	0	187	0	9151	187	8527	624	9151	0.9318107310676429	0.0	0.0
nad4	6400	T	0	4591	0	390	177	0	0	0	4981	177	4591	390	4981	0.9217024693836579	0.0	0.0
nad4	6443	C	0	1246	0	2460	0	0	58	0	3706	58	2460	1246	3706	0.6637884511602806	0.0	0.0
nad4	6456	C	0	3119	0	431	0	0	39	0	3550	39	431	3119	3550	0.12140845070422535	2.0505241756699446e-62	7.47751411811702e-61
nad4	6476	T	0	136	0	160	16	0	0	0	296	16	136	160	296	0.4594594594594595	7.454822337646887e-94	2.74894165812377e-92
nad4	6477	T	0	10	0	27	16	0	0	0	37	16	10	27	37	0.2702702702702703	9.75539032196478e-6	0.0003378987805572776
nad4	6479	G	0	0	0	0	0	0	0	14	0	14	14	0	14	1.0	6.1035156249999865e-19	2.1630849269841634e-17
nad4	6480	A	0	0	0	0	0	11	0	3	0	14	11	3	14	0.7857142857142857	1.5440637207031242e-12	5.427231853766979e-11
nad4	6494	G	0	0	0	0	0	0	0	11	0	11	11	0	11	1.0	4.882812500000006e-15	1.7254686532707409e-13
nad4	6495	G	0	0	0	0	0	1	0	10	0	11	10	1	11	0.9090909090909091	1.0253906250000055e-12	3.6085911008785647e-11
nad4	6641	C	0	949	0	1970	0	0	84	0	2919	84	1970	949	2919	0.6748886605001713	0.0	0.0
nad4	6654	C	0	2608	0	308	0	0	89	0	2916	89	308	2608	2916	0.1056241426611797	8.657437649074912e-34	3.1185350602723654e-32
nad4	6932	C	0	6	0	7	0	0	117	0	13	117	7	6	13	0.5384615384615384	1.0255449316894512e-6	3.559393339523546e-5
nad4	7321	G	0	0	12	0	0	2924	0	309	12	3233	309	2924	3233	0.09557686359418496	1.445115827884986e-26	5.168552737301427e-25
nad4	7333	G	0	0	12	0	0	4201	0	435	12	4636	435	4201	4636	0.09383088869715271	7.437031636366288e-35	2.681182988634066e-33
nad4	7341	G	0	0	12	0	0	2577	0	2360	12	4937	2360	2577	4937	0.47802309094591855	0.0	0.0
nad4	7354	A	12	0	0	0	0	5877	0	249	12	6126	5877	249	6126	0.9593535749265426	0.0	0.0
nad4	7366	G	0	0	12	0	0	823	0	5821	12	6644	5821	823	6644	0.8761288380493678	0.0	0.0
nad4	7400	A	10	0	0	0	0	574	0	7738	10	8312	574	7738	8312	0.0690567853705486	2.340625685546253e-14	8.26438734323822e-13
nad4	7467	G	0	0	10	0	0	7002	0	868	10	7870	868	7002	7870	0.11029224904701397	3.662698091036076e-101	1.3558633750487763e-99
nad4L	97	C	0	600	0	2384	0	0	1	0	2984	1	2384	600	2984	0.7989276139410187	0.0	0.0
nad4L	125	C	0	1049	0	3176	0	0	1	0	4225	1	3176	1049	4225	0.751715976331361	0.0	0.0
nad4L	132	T	0	3417	0	902	1	0	0	0	4319	1	3417	902	4319	0.7911553600370456	0.0	0.0
nad4L	133	C	0	786	0	3611	0	0	1	0	4397	1	3611	786	4397	0.8212417557425518	0.0	0.0
nad4L	134	C	0	817	0	3659	0	0	2	0	4476	2	3659	817	4476	0.8174709562109026	0.0	0.0
nad4L	136	C	0	906	0	3698	0	0	2	0	4604	2	3698	906	4604	0.8032145960034752	0.0	0.0
nad4L	142	C	0	888	0	3809	0	0	2	0	4697	2	3809	888	4697	0.8109431552054502	0.0	0.0
nad4L	163	C	0	708	0	6656	0	0	2	0	7364	2	6656	708	7364	0.9038565996740902	0.0	0.0
nad4L	181	C	0	576	0	7900	0	0	2	0	8476	2	7900	576	8476	0.9320434167059934	0.0	0.0
nad4L	190	C	0	1193	0	7827	0	0	2	0	9020	2	7827	1193	9020	0.8677383592017739	0.0	0.0
nad4L	193	C	0	784	0	8402	0	0	2	0	9186	2	8402	784	9186	0.9146527324188983	0.0	0.0
nad4L	195	C	0	1344	0	7911	0	0	3	0	9255	3	7911	1344	9255	0.8547811993517018	0.0	0.0
nad4L	196	T	0	8165	0	992	3	0	0	0	9157	3	8165	992	9157	0.8916675767172655	0.0	0.0
nad4L	232	C	0	744	0	12468	0	0	3	0	13212	3	12468	744	13212	0.9436875567665758	0.0	0.0
nad4L	235	C	0	1785	0	11461	0	0	3	0	13246	3	11461	1785	13246	0.8652423373093764	0.0	0.0
nad4L	253	C	0	1786	0	13025	0	0	3	0	14811	3	13025	1786	14811	0.8794139490918912	0.0	0.0
nad4L	270	T	0	14863	0	2059	7	0	0	0	16922	7	14863	2059	16922	0.8783240751684198	0.0	0.0
nad4L	274	C	0	1332	0	15935	0	0	7	0	17267	7	15935	1332	17267	0.9228586320727399	0.0	0.0
nad4L	276	C	0	665	0	17042	0	0	7	0	17707	7	17042	665	17707	0.9624442310950472	0.0	0.0
nad4L	304	T	0	18345	0	1290	9	0	0	0	19635	9	18345	1290	19635	0.9343009931245225	0.0	0.0
nad4L	313	T	0	19471	0	1649	9	0	0	0	21120	9	19471	1649	21120	0.9219223484848484	0.0	0.0
nad4L	334	C	0	2270	0	19498	0	0	14	0	21768	14	19498	2270	21768	0.8957184858507902	0.0	0.0
nad4L	346	C	0	2432	0	18260	0	0	16	0	20692	16	18260	2432	20692	0.8824666537792384	0.0	0.0
nad4L	379	C	0	2211	0	22110	0	0	16	0	24321	16	22110	2211	24321	0.9090909090909091	0.0	0.0
nad4L	384	C	0	2151	0	22074	0	0	15	0	24225	15	22074	2151	24225	0.9112074303405573	0.0	0.0
nad4L	396	C	0	2892	0	22394	0	0	16	0	25286	16	22394	2892	25286	0.885628410978407	0.0	0.0
nad4L	403	C	0	19611	0	5629	0	0	16	0	25240	16	5629	19611	25240	0.2230190174326466	0.0	0.0
nad4L	422	C	0	18005	0	5522	0	0	12	0	23527	12	5522	18005	23527	0.23470905767841205	0.0	0.0
nad4L	430	C	0	5569	0	18251	0	0	12	0	23820	12	18251	5569	23820	0.7662048698572628	0.0	0.0
nad4L	433	C	0	20172	0	3739	0	0	11	0	23911	11	3739	20172	23911	0.15637154447743717	0.0	0.0
nad5	169	C	0	930	0	3505	0	0	2	0	4435	2	3505	930	4435	0.790304396843292	0.0	0.0
nad5	178	C	0	679	0	4098	0	0	2	0	4777	2	4098	679	4777	0.857860581955202	0.0	0.0
nad5	192	T	0	3506	0	1677	4	0	0	0	5183	4	3506	1677	5183	0.6764422149334363	0.0	0.0
nad5	199	C	0	1066	0	4153	0	0	7	0	5219	7	4153	1066	5219	0.7957463115539375	0.0	0.0
nad5	200	C	0	2343	0	2895	0	0	7	0	5238	7	2895	2343	5238	0.5526918671248569	0.0	0.0
nad5	223	C	0	1505	0	4349	0	0	7	0	5854	7	4349	1505	5854	0.7429108302015716	0.0	0.0
nad5	234	C	0	5052	0	1031	0	0	7	0	6083	7	1031	5052	6083	0.1694887391089923	3.835490034835282e-254	1.477310675900591e-252
nad5	235	C	0	844	0	5270	0	0	7	0	6114	7	5270	844	6114	0.8619561661759896	0.0	0.0
nad5	265	T	0	5615	0	1541	7	0	0	0	7156	7	5615	1541	7156	0.7846562325321409	0.0	0.0
nad5	283	T	0	5908	0	882	7	0	0	0	6790	7	5908	882	6790	0.8701030927835052	0.0	0.0
nad5	295	T	0	5396	0	1182	6	0	0	0	6578	6	5396	1182	6578	0.8203101246579507	0.0	0.0
nad5	301	C	0	1306	0	4592	0	0	8	0	5898	8	4592	1306	5898	0.778569006442862	0.0	0.0
nad5	302	C	0	4381	0	788	0	0	8	0	5169	8	788	4381	5169	0.15244728187270265	8.655312400948853e-167	3.257555225083269e-165
nad5	309	C	0	1090	0	4229	0	0	8	0	5319	8	4229	1090	5319	0.7950742620793382	0.0	0.0
nad5	387	C	0	1103	0	4587	0	0	9	0	5690	9	4587	1103	5690	0.8061511423550087	0.0	0.0
nad5	1258	C	0	635	0	3201	0	0	25	0	3836	25	3201	635	3836	0.8344629822732013	0.0	0.0
nad5	1401	C	0	1030	0	1741	0	0	24	0	2771	24	1741	1030	2771	0.6282930350054132	0.0	0.0
nad5	1402	C	0	1087	0	1675	0	0	25	0	2762	25	1675	1087	2762	0.6064446053584359	0.0	0.0
nad5	1406	C	0	472	0	2095	0	0	26	0	2567	26	2095	472	2567	0.8161277756135566	0.0	0.0
nad5	1422	C	0	706	0	4815	0	0	21	0	5521	21	4815	706	5521	0.8721246151059591	0.0	0.0
nad5	1437	C	0	683	0	4740	0	0	25	0	5423	25	4740	683	5423	0.8740549511340586	0.0	0.0
nad5	1469	T	0	4574	0	496	18	0	0	0	5070	18	4574	496	5070	0.9021696252465483	0.0	0.0
nad5	1474	C	0	4603	0	546	0	0	19	0	5149	19	546	4603	5149	0.10604000776849874	6.10733703585422e-59	2.223335540055042e-57
nad5	1478	C	0	525	0	4603	0	0	20	0	5128	20	4603	525	5128	0.8976209048361935	0.0	0.0
nad5	1479	T	0	4772	0	356	19	0	0	0	5128	19	4772	356	5128	0.9305772230889235	0.0	0.0
nad5	1514	T	0	3951	0	451	25	0	0	0	4402	25	3951	451	4402	0.8975465697410268	0.0	0.0
nad5	1530	C	0	461	0	3409	0	0	29	0	3870	29	3409	461	3870	0.8808785529715762	0.0	0.0
nad5	1532	C	0	295	0	3450	0	0	31	0	3745	31	3450	295	3745	0.9212283044058746	0.0	0.0
nad5	1539	C	0	316	0	2789	0	0	24	0	3105	24	2789	316	3105	0.8982286634460548	0.0	0.0
nad5	1545	C	0	413	0	2655	0	0	28	0	3068	28	2655	413	3068	0.8653846153846154	0.0	0.0
nad5	1566	T	0	3026	0	324	34	0	0	0	3350	34	3026	324	3350	0.9032835820895523	0.0	0.0
nad5	1578	C	0	411	0	3171	0	0	35	0	3582	35	3171	411	3582	0.8852596314907872	0.0	0.0
nad5	1579	C	0	267	0	3316	0	0	35	0	3583	35	3316	267	3583	0.9254814401339659	0.0	0.0
nad5	1583	T	0	3016	0	598	34	0	0	0	3614	34	3016	598	3614	0.8345323741007195	0.0	0.0
nad5	1589	C	0	315	0	3351	0	0	33	0	3666	33	3351	315	3666	0.9140752864157119	0.0	0.0
nad5	1592	C	0	3164	0	500	0	0	33	0	3664	33	500	3164	3664	0.13646288209606988	3.6353306215001714e-89	1.337636071356722e-87
nad5	1593	C	0	312	0	3369	0	0	41	0	3681	41	3369	312	3681	0.9152404237978811	0.0	0.0
nad5	1598	C	0	364	0	3193	0	0	41	0	3557	41	3193	364	3557	0.8976665729547372	0.0	0.0
nad5	1608	C	0	392	0	3401	0	0	43	0	3793	43	3401	392	3793	0.8966517268652782	0.0	0.0
nad5	1614	C	0	432	0	3444	0	0	46	0	3876	46	3444	432	3876	0.8885448916408669	0.0	0.0
nad5	1615	C	0	3173	0	704	0	0	45	0	3877	45	704	3173	3877	0.1815836987361362	2.967085224667101e-191	1.1231243951886438e-189
nad5	1617	T	0	3404	0	447	40	0	0	0	3851	40	3404	447	3851	0.8839262529213191	0.0	0.0
nad5	1620	T	0	3264	0	601	45	0	0	0	3865	45	3264	601	3865	0.8445019404915912	0.0	0.0
nad5	1629	C	0	591	0	3413	0	0	51	0	4004	51	3413	591	4004	0.8523976023976024	0.0	0.0
nad5	1640	C	0	478	0	3647	0	0	63	0	4125	63	3647	478	4125	0.8841212121212121	0.0	0.0
nad5	1649	T	0	3465	0	810	60	0	0	0	4275	60	3465	810	4275	0.8105263157894737	0.0	0.0
nad5	1655	T	0	3432	0	835	56	0	0	0	4267	56	3432	835	4267	0.8043121631122568	0.0	0.0
nad5	1660	T	0	282	0	4101	55	0	0	0	4383	55	282	4101	4383	0.06433949349760439	1.610854646248897e-5	0.0005577282950900498
nad5	1694	T	0	4569	0	860	62	0	0	0	5429	62	4569	860	5429	0.8415914533063179	0.0	0.0
nad5	1707	C	0	563	0	4794	0	0	61	0	5357	61	4794	563	5357	0.8949038641030428	0.0	0.0
nad5	1708	C	0	574	0	4810	0	0	63	0	5384	63	4810	574	5384	0.8933878157503715	0.0	0.0
nad5	1713	C	0	513	0	4870	0	0	60	0	5383	60	4870	513	5383	0.9046999814229983	0.0	0.0
nad5	1733	C	0	583	0	4531	0	0	58	0	5114	58	4531	583	5114	0.8859992178333985	0.0	0.0
nad5	1737	C	0	585	0	4545	0	0	61	0	5130	61	4545	585	5130	0.8859649122807017	0.0	0.0
nad5	1738	C	0	695	0	4454	0	0	57	0	5149	57	4454	695	5149	0.8650223344338707	0.0	0.0
nad5	1743	C	0	728	0	4453	0	0	56	0	5181	56	4453	728	5181	0.8594865856012353	0.0	0.0
nad5	1744	C	0	726	0	4452	0	0	57	0	5178	57	4452	726	5178	0.8597914252607184	0.0	0.0
nad5	1746	C	0	676	0	4493	0	0	56	0	5169	56	4493	676	5169	0.869220352099052	0.0	0.0
nad5	1748	T	0	4370	0	781	58	0	0	0	5151	58	4370	781	5151	0.8483789555426131	0.0	0.0
nad5	1761	C	0	282	0	4916	0	0	58	0	5198	58	4916	282	5198	0.9457483647556753	0.0	0.0
nad5	1763	C	0	820	0	4443	0	0	57	0	5263	57	4443	820	5263	0.8441953258597757	0.0	0.0
nad5	1778	C	0	365	0	5215	0	0	51	0	5580	51	5215	365	5580	0.9345878136200717	0.0	0.0
nad5	1818	C	0	369	0	4962	0	0	18	0	5331	18	4962	369	5331	0.9307822172200337	0.0	0.0
nad5	1820	C	0	174	0	5144	0	0	19	0	5318	19	5144	174	5318	0.9672809326814592	0.0	0.0
nad5	1835	T	0	4559	0	294	16	0	0	0	4853	16	4559	294	4853	0.9394189161343499	0.0	0.0
nad5	1842	C	0	3923	0	583	0	0	28	0	4506	28	583	3923	4506	0.12938304482911672	2.4000874936510146e-94	8.85405822787078e-93
nad5	1845	T	0	4007	0	351	29	0	0	0	4358	29	4007	351	4358	0.9194584671867829	0.0	0.0
nad5	1853	C	0	270	0	4258	0	0	27	0	4528	27	4258	270	4528	0.9403710247349824	0.0	0.0
nad5	1860	C	0	229	0	4436	0	0	28	0	4665	28	4436	229	4665	0.9509110396570204	0.0	0.0
nad5	1863	C	0	234	0	4523	0	0	27	0	4757	27	4523	234	4757	0.9508093336136221	0.0	0.0
nad5	1864	C	0	3016	0	1798	0	0	27	0	4814	27	1798	3016	4814	0.37349397590361444	0.0	0.0
nad5	1865	C	0	325	0	4474	0	0	28	0	4799	28	4474	325	4799	0.9322775578245468	0.0	0.0
nad5	1887	T	0	4940	0	213	24	0	0	0	5153	24	4940	213	5153	0.9586648554240248	0.0	0.0
nad5	1892	T	0	4739	0	414	22	0	0	0	5153	22	4739	414	5153	0.9196584513875412	0.0	0.0
nad5	1910	C	0	210	0	4949	0	0	20	0	5159	20	4949	210	5159	0.9592944369063772	0.0	0.0
nad5	1923	T	0	4345	0	265	17	0	0	0	4610	17	4345	265	4610	0.9425162689804772	0.0	0.0
nad5	1926	C	0	187	0	4489	0	0	16	0	4676	16	4489	187	4676	0.9600085543199316	0.0	0.0
nad5	1935	T	0	4561	0	229	25	0	0	0	4790	25	4561	229	4790	0.9521920668058456	0.0	0.0
nad5	1958	T	0	4439	0	226	31	0	0	0	4665	31	4439	226	4665	0.9515541264737406	0.0	0.0
nad5	1968	T	0	4036	0	207	27	0	0	0	4243	27	4036	207	4243	0.9512137638463352	0.0	0.0
nad5	1971	C	0	230	0	3980	0	0	28	0	4210	28	3980	230	4210	0.9453681710213777	0.0	0.0
nad5	1977	T	0	4278	0	126	28	0	0	0	4404	28	4278	126	4404	0.9713896457765667	0.0	0.0
nad5	2025	T	0	3385	0	160	32	0	0	0	3545	32	3385	160	3545	0.9548660084626234	0.0	0.0
nad5	2070	T	0	3463	0	111	25	0	0	0	3574	25	3463	111	3574	0.9689423614997202	0.0	0.0
nad5	2082	T	0	3210	0	119	25	0	0	0	3329	25	3210	119	3329	0.964253529588465	0.0	0.0
nad5	2099	T	0	2649	0	351	24	0	0	0	3000	24	2649	351	3000	0.883	0.0	0.0
nad5	2129	C	0	113	0	2623	0	0	17	0	2736	17	2623	113	2736	0.9586988304093568	0.0	0.0
nad5	2130	T	0	2627	0	124	18	0	0	0	2751	18	2627	124	2751	0.9549254816430389	0.0	0.0
nad5	2133	T	0	2626	0	150	18	0	0	0	2776	18	2626	150	2776	0.9459654178674352	0.0	0.0
nad5	2135	C	0	132	0	2594	0	0	18	0	2726	18	2594	132	2726	0.9515774027879678	0.0	0.0
nad5	2145	C	0	191	0	2570	0	0	14	0	2761	14	2570	191	2761	0.9308221658819268	0.0	0.0
nad5	2154	C	0	153	0	2798	0	0	14	0	2951	14	2798	153	2951	0.9481531684174856	0.0	0.0
nad5	2165	C	0	163	0	2911	0	0	14	0	3074	14	2911	163	3074	0.9469746258945999	0.0	0.0
nad5	2174	C	0	192	0	2584	0	0	13	0	2776	13	2584	192	2776	0.930835734870317	0.0	0.0
nad5	2175	T	0	2616	0	176	12	0	0	0	2792	12	2616	176	2792	0.9369627507163324	0.0	0.0
nad5	2198	T	0	2716	0	225	11	0	0	0	2941	11	2716	225	2941	0.9234954097245834	0.0	0.0
nad5	2205	C	0	174	0	2993	0	0	12	0	3167	12	2993	174	3167	0.9450584149036944	0.0	0.0
nad5	2210	T	0	3008	0	166	12	0	0	0	3174	12	3008	166	3174	0.9477000630119723	0.0	0.0
nad5	2226	T	0	3274	0	211	12	0	0	0	3485	12	3274	211	3485	0.939454806312769	0.0	0.0
nad5	2232	C	0	173	0	3556	0	0	12	0	3729	12	3556	173	3729	0.9536068651112899	0.0	0.0
nad5	2233	C	0	3479	0	258	0	0	12	0	3737	12	258	3479	3737	0.06903933636606904	2.34245322019366e-7	8.143234757313916e-6
nad5	2234	C	0	206	0	3534	0	0	12	0	3740	12	3534	206	3740	0.9449197860962567	0.0	0.0
nad5	2235	C	0	214	0	3507	0	0	12	0	3721	12	3507	214	3721	0.9424885783391561	0.0	0.0
nad5	2238	C	0	163	0	3568	0	0	11	0	3731	11	3568	163	3731	0.9563119807022246	0.0	0.0
nad5	2250	T	0	3933	0	238	12	0	0	0	4171	12	3933	238	4171	0.9429393430831935	0.0	0.0
nad5	2319	C	0	348	0	5057	0	0	9	0	5405	9	5057	348	5405	0.9356151711378353	0.0	0.0
nad5	2352	T	0	5098	0	314	3	0	0	0	5412	3	5098	314	5412	0.9419807834441981	0.0	0.0
nad5	2403	C	0	246	0	4313	0	0	2	0	4559	2	4313	246	4559	0.9460407984207063	0.0	0.0
nad5	2409	C	0	260	0	3948	0	0	2	0	4208	2	3948	260	4208	0.938212927756654	0.0	0.0
nad5	2929	C	0	598	0	571	0	0	3	0	1169	3	571	598	1169	0.48845166809238666	0.0	0.0
nad5	3327	T	0	3475	0	331	3	0	0	0	3806	3	3475	331	3806	0.9130320546505517	0.0	0.0
nad5	3332	C	0	384	0	3517	0	0	3	0	3901	3	3517	384	3901	0.9015637016149706	0.0	0.0
nad5	3336	C	0	500	0	3363	0	0	3	0	3863	3	3363	500	3863	0.8705669169039606	0.0	0.0
nad5	3358	C	0	470	0	3826	0	0	3	0	4296	3	3826	470	4296	0.8905959031657356	0.0	0.0
nad5	3362	C	0	330	0	3840	0	0	3	0	4170	3	3840	330	4170	0.920863309352518	0.0	0.0
nad5	3363	T	0	3917	0	305	3	0	0	0	4222	3	3917	305	4222	0.9277593557555661	0.0	0.0
nad5	3368	C	0	196	0	4144	0	0	3	0	4340	3	4144	196	4340	0.9548387096774194	0.0	0.0
nad5	3375	C	0	277	0	4106	0	0	3	0	4383	3	4106	277	4383	0.9368012776637007	0.0	0.0
nad5	3384	C	0	347	0	4119	0	0	1	0	4466	1	4119	347	4466	0.9223018360949395	0.0	0.0
nad5	3399	C	0	282	0	3850	0	0	1	0	4132	1	3850	282	4132	0.9317521781219749	0.0	0.0
nad5	5066	T	0	356	0	879	0	0	0	0	1235	0	356	879	1235	0.28825910931174087	6.883210872190642e-163	2.5860516213671754e-161
nad5	5215	C	0	1409	0	155	0	0	3	0	1564	3	155	1409	1564	0.09910485933503836	1.6907158509011298e-15	5.977050507915253e-14
nad5	5230	C	0	1298	0	260	0	0	5	0	1558	5	260	1298	1558	0.1668806161745828	3.00873303789705e-64	1.097642730736511e-62
nad5	5362	C	0	268	0	6628	0	0	7	0	6896	7	6628	268	6896	0.9611368909512761	0.0	0.0
nad5	5406	C	0	6149	0	597	0	0	4	0	6746	4	597	6149	6746	0.08849688704417433	1.0206694850747327e-39	3.68435005567259e-38
nad5	5426	T	0	6749	0	294	4	0	0	0	7043	4	6749	294	7043	0.9582564248189692	0.0	0.0
nad5	5441	C	0	207	0	6262	0	0	2	0	6469	2	6262	207	6469	0.968001236667182	0.0	0.0
nad5	5453	C	0	249	0	6090	0	0	2	0	6339	2	6090	249	6339	0.9607193563653573	0.0	0.0
nad5	5572	C	0	197	0	7711	0	0	17	0	7908	17	7711	197	7908	0.9750885179564998	0.0	0.0
nad5	5592	C	0	7995	0	667	0	0	17	0	8662	17	667	7995	8662	0.07700300161625491	4.701226166492311e-27	1.6828306356754647e-25
nad5	5728	T	0	7135	0	714	16	0	0	0	7849	16	7135	714	7849	0.909032997834119	0.0	0.0
nad5	5734	T	0	7037	0	783	16	0	0	0	7820	16	7037	783	7820	0.8998721227621483	0.0	0.0
nad5	5764	C	0	194	0	1049	0	0	20	0	1243	20	1049	194	1243	0.8439259855189059	0.0	0.0
nad5	5766	C	0	385	0	884	0	0	18	0	1269	18	884	385	1269	0.6966115051221434	0.0	0.0
nad5	5865	C	0	365	0	1204	0	0	21	0	1569	21	1204	365	1569	0.7673677501593371	0.0	0.0
nad5	5872	C	0	717	0	874	0	0	19	0	1591	19	874	717	1591	0.5493400377121307	0.0	0.0
nad5	5879	T	0	201	0	1381	18	0	0	0	1582	18	201	1381	1582	0.12705436156763592	9.899529099970481e-33	3.5629566209616333e-31
nad5	6287	C	0	904	0	74	0	0	58	0	978	58	74	904	978	0.07566462167689161	0.0003482972932314398	0.011986438560432302
nad5	6378	T	0	3736	0	228	70	0	0	0	3964	70	3736	228	3964	0.9424823410696267	0.0	0.0
nad5	6387	C	0	233	0	3623	0	0	67	0	3856	67	3623	233	3856	0.9395746887966805	0.0	0.0
nad5	6389	C	0	3608	0	239	0	0	69	0	3847	69	239	3608	3847	0.06212633220691448	0.00047164237622907755	0.016211736322706664
nad5	6402	C	0	181	0	3612	0	0	65	0	3793	65	3612	181	3793	0.9522805167413657	0.0	0.0
nad5	6536	C	0	318	0	123	0	0	55	0	441	55	123	318	441	0.2789115646258503	8.834331088372012e-56	3.206536374648905e-54
nad5	6586	C	0	304	0	35	0	0	37	0	339	37	35	304	339	0.10324483775811209	4.9314437160204814e-5	0.0017019145719339849
nad6	170	C	0	677	0	3102	0	0	115	0	3779	115	3102	677	3779	0.8208520772691188	0.0	0.0
nad6	206	C	0	590	0	10643	0	0	126	0	11233	126	10643	590	11233	0.9474761862369804	0.0	0.0
nad6	207	C	0	75	0	11251	0	0	129	0	11326	129	11251	75	11326	0.9933780681617517	0.0	0.0
nad6	219	C	0	1458	0	10871	0	0	131	0	12329	131	10871	1458	12329	0.8817422337578068	0.0	0.0
nad6	267	T	0	15962	0	393	156	0	0	0	16355	156	15962	393	16355	0.9759706511770101	0.0	0.0
nad6	294	C	0	477	0	16218	0	0	155	0	16695	155	16218	477	16695	0.9714285714285714	0.0	0.0
nad6	296	C	0	15702	0	1027	0	0	158	0	16729	158	1027	15702	16729	0.061390399904357705	3.380436893951145e-11	1.1843009335956585e-9
nad6	303	C	0	211	0	16628	0	0	159	0	16839	159	16628	211	16839	0.9874695647009918	0.0	0.0
nad6	313	T	0	15520	0	479	157	0	0	0	15999	157	15520	479	15999	0.9700606287892993	0.0	0.0
nad6	322	C	0	1164	0	15073	0	0	163	0	16237	163	15073	1164	16237	0.9283118802734496	0.0	0.0
nad6	331	C	0	1586	0	14353	0	0	163	0	15939	163	14353	1586	15939	0.9004956396260744	0.0	0.0
nad6	337	C	0	974	0	14760	0	0	164	0	15734	164	14760	974	15734	0.9380958433964662	0.0	0.0
nad6	338	C	0	13254	0	2551	0	0	158	0	15805	158	2551	13254	15805	0.16140461879152168	0.0	0.0
nad6	346	C	0	640	0	14473	0	0	164	0	15113	164	14473	640	15113	0.9576523522794945	0.0	0.0
nad6	357	C	0	311	0	14835	0	0	160	0	15146	160	14835	311	15146	0.9794665258153968	0.0	0.0
nad6	373	C	0	350	0	14577	0	0	181	0	14927	181	14577	350	14927	0.9765525557714209	0.0	0.0
nad6	391	C	0	138	0	11717	0	0	167	0	11855	167	11717	138	11855	0.988359342049768	0.0	0.0
nad6	393	C	0	215	0	11712	0	0	170	0	11927	170	11712	215	11927	0.9819736731785026	0.0	0.0
nad6	396	C	0	754	0	11447	0	0	165	0	12201	165	11447	754	12201	0.938201786738792	0.0	0.0
nad6	397	C	0	349	0	11883	0	0	169	0	12232	169	11883	349	12232	0.9714682799215173	0.0	0.0
nad6	415	C	0	585	0	12982	0	0	167	0	13567	167	12982	585	13567	0.9568806663226948	0.0	0.0
nad6	422	C	0	12823	0	1299	0	0	166	0	14122	166	1299	12823	14122	0.09198413822404758	1.5819345849395806e-94	5.838361420960418e-93
nad6	462	T	0	16531	0	599	151	0	0	0	17130	151	16531	599	17130	0.9650321074138938	0.0	0.0
nad6	490	C	0	616	0	17318	0	0	131	0	17934	131	17318	616	17934	0.9656518345042935	0.0	0.0
nad6	491	C	0	16906	0	1016	0	0	131	0	17922	131	1016	16906	17922	0.05669010155116617	2.9633187333441385e-5	0.0010243368587207315
nad6	594	T	0	18783	0	890	99	0	0	0	19673	99	18783	890	19673	0.9547603314186957	0.0	0.0
nad6	619	C	0	154	0	18477	0	0	103	0	18631	103	18477	154	18631	0.9917342064301433	0.0	0.0
nad6	657	C	0	555	0	17708	0	0	113	0	18263	113	17708	555	18263	0.9696106882768439	0.0	0.0
nad6	658	C	0	193	0	18128	0	0	114	0	18321	114	18128	193	18321	0.9894656405218055	0.0	0.0
nad6	706	C	0	294	0	18936	0	0	122	0	19230	122	18936	294	19230	0.9847113884555382	0.0	0.0
nad6	810	C	0	335	0	8518	0	0	107	0	8853	107	8518	335	8853	0.962159719868971	0.0	0.0
nad6	844	T	0	268	0	1761	86	0	0	0	2029	86	268	1761	2029	0.13208477082306555	4.452187849379151e-46	1.6132445206406732e-44
nad6	847	T	0	27	0	256	90	0	0	0	283	90	27	256	283	0.09540636042402827	0.0011151990880716072	0.03820996059141866
nad7	196	C	0	1641	0	1326	0	0	65	0	2967	65	1326	1641	2967	0.44691607684529827	0.0	0.0
nad7	224	C	0	1833	0	1992	0	0	58	0	3825	58	1992	1833	3825	0.5207843137254902	0.0	0.0
nad7	229	C	0	1494	0	2390	0	0	53	0	3884	53	2390	1494	3884	0.6153450051493305	0.0	0.0
nad7	234	C	0	2013	0	1891	0	0	51	0	3904	51	1891	2013	3904	0.484375	0.0	0.0
nad7	235	C	0	1957	0	1972	0	0	56	0	3929	56	1972	1957	3929	0.5019088826673453	0.0	0.0
nad7	241	T	0	1677	0	2317	54	0	0	0	3994	54	1677	2317	3994	0.4198798197295944	0.0	0.0
nad7	243	T	0	1496	0	2539	54	0	0	0	4035	54	1496	2539	4035	0.3707558859975217	0.0	0.0
nad7	250	T	0	1732	0	2311	51	0	0	0	4043	51	1732	2311	4043	0.4283947563690329	0.0	0.0
nad7	256	T	0	1639	0	2457	54	0	0	0	4096	54	1639	2457	4096	0.400146484375	0.0	0.0
nad7	258	T	0	1377	0	2736	50	0	0	0	4113	50	1377	2736	4113	0.3347921225382932	0.0	0.0
nad7	268	C	0	1285	0	2968	0	0	46	0	4253	46	2968	1285	4253	0.6978603338819657	0.0	0.0
nad7	270	T	0	1289	0	2967	44	0	0	0	4256	44	1289	2967	4256	0.3028665413533835	0.0	0.0
nad7	274	C	0	2705	0	1607	0	0	41	0	4312	41	1607	2705	4312	0.3726808905380334	0.0	0.0
nad7	280	C	0	2678	0	1691	0	0	40	0	4369	40	1691	2678	4369	0.38704509040970475	0.0	0.0
nad7	286	C	0	2670	0	1804	0	0	41	0	4474	41	1804	2670	4474	0.4032185963343764	0.0	0.0
nad7	298	C	0	2824	0	1747	0	0	39	0	4571	39	1747	2824	4571	0.3821920805075476	0.0	0.0
nad7	330	T	0	1889	0	1957	28	0	0	0	3846	28	1889	1957	3846	0.4911596463858554	0.0	0.0
nad7	333	T	0	1880	0	1909	25	0	0	0	3789	25	1880	1909	3789	0.4961731327527052	0.0	0.0
nad7	1446	T	0	1147	0	1440	4	0	0	0	2587	4	1147	1440	2587	0.4433706996521067	0.0	0.0
nad7	1458	C	0	1394	0	1207	0	0	5	0	2601	5	1207	1394	2601	0.46405228758169936	0.0	0.0
nad7	1462	C	0	903	0	1732	0	0	5	0	2635	5	1732	903	2635	0.6573055028462998	0.0	0.0
nad7	1831	C	0	918	0	2228	0	0	9	0	3146	9	2228	918	3146	0.7082008900190718	0.0	0.0
nad7	2204	C	0	647	0	794	0	0	21	0	1441	21	794	647	1441	0.5510062456627343	0.0	0.0
nad7	2208	C	0	321	0	1050	0	0	22	0	1371	22	1050	321	1371	0.7658643326039387	0.0	0.0
nad7	2213	C	0	342	0	2034	0	0	22	0	2376	22	2034	342	2376	0.8560606060606061	0.0	0.0
nad7	2220	C	0	431	0	2069	0	0	20	0	2500	20	2069	431	2500	0.8276	0.0	0.0
nad7	2232	T	0	2044	0	758	18	0	0	0	2802	18	2044	758	2802	0.729478943611706	0.0	0.0
nad7	2247	C	0	625	0	2138	0	0	15	0	2763	15	2138	625	2763	0.7737965979008324	0.0	0.0
nad7	2251	C	0	701	0	2125	0	0	16	0	2826	16	2125	701	2826	0.7519462137296532	0.0	0.0
nad7	2266	C	0	730	0	2139	0	0	13	0	2869	13	2139	730	2869	0.7455559428372255	0.0	0.0
nad7	2289	T	0	1969	0	963	14	0	0	0	2932	14	1969	963	2932	0.6715552523874488	0.0	0.0
nad7	2295	T	0	2103	0	723	14	0	0	0	2826	14	2103	723	2826	0.7441613588110403	0.0	0.0
nad7	2304	T	0	1798	0	1116	14	0	0	0	2914	14	1798	1116	2914	0.6170212765957447	0.0	0.0
nad7	2323	C	0	373	0	2880	0	0	13	0	3253	13	2880	373	3253	0.8853366123578236	0.0	0.0
nad7	2328	T	0	2896	0	638	11	0	0	0	3534	11	2896	638	3534	0.819468024900962	0.0	0.0
nad7	2335	C	0	552	0	3081	0	0	11	0	3633	11	3081	552	3633	0.8480594549958712	0.0	0.0
nad7	2340	T	0	3093	0	719	9	0	0	0	3812	9	3093	719	3812	0.8113850996852047	0.0	0.0
nad7	2347	C	0	418	0	3445	0	0	15	0	3863	15	3445	418	3863	0.8917939425317111	0.0	0.0
nad7	2359	T	0	3380	0	660	15	0	0	0	4040	15	3380	660	4040	0.8366336633663366	0.0	0.0
nad7	2361	T	0	3595	0	488	15	0	0	0	4083	15	3595	488	4083	0.8804800391868723	0.0	0.0
nad7	2365	T	0	3345	0	857	15	0	0	0	4202	15	3345	857	4202	0.7960495002379819	0.0	0.0
nad7	2383	C	0	874	0	3792	0	0	24	0	4666	24	3792	874	4666	0.8126875267895414	0.0	0.0
nad7	2389	T	0	3520	0	1236	22	0	0	0	4756	22	3520	1236	4756	0.7401177460050462	0.0	0.0
nad7	2392	C	0	662	0	4040	0	0	25	0	4702	25	4040	662	4702	0.8592088472990217	0.0	0.0
nad7	2394	C	0	735	0	3976	0	0	24	0	4711	24	3976	735	4711	0.8439821693907875	0.0	0.0
nad7	2395	C	0	578	0	4137	0	0	24	0	4715	24	4137	578	4715	0.8774125132555674	0.0	0.0
nad7	2404	C	0	703	0	3841	0	0	23	0	4544	23	3841	703	4544	0.8452904929577465	0.0	0.0
nad7	2431	C	0	633	0	4285	0	0	19	0	4918	19	4285	633	4918	0.8712891419276129	0.0	0.0
nad7	2460	T	0	4227	0	916	22	0	0	0	5143	22	4227	916	5143	0.8218938362823255	0.0	0.0
nad7	2475	T	0	4204	0	1100	21	0	0	0	5304	21	4204	1100	5304	0.7926093514328808	0.0	0.0
nad7	2479	T	0	4179	0	1075	21	0	0	0	5254	21	4179	1075	5254	0.7953939855348306	0.0	0.0
nad7	2499	C	0	4843	0	682	0	0	19	0	5525	19	682	4843	5525	0.12343891402714932	9.19800650605257e-101	3.4034611541388904e-99
nad7	2524	C	0	794	0	4269	0	0	16	0	5063	16	4269	794	5063	0.8431759826190006	0.0	0.0
nad7	2538	T	0	4355	0	846	16	0	0	0	5201	16	4355	846	5201	0.8373389732743703	0.0	0.0
nad7	2541	T	0	4132	0	1059	16	0	0	0	5191	16	4132	1059	5191	0.795993064920054	0.0	0.0
nad7	2566	C	0	846	0	4807	0	0	15	0	5653	15	4807	846	5653	0.8503449495842915	0.0	0.0
nad7	2575	C	0	663	0	5167	0	0	15	0	5830	15	5167	663	5830	0.8862778730703259	0.0	0.0
nad7	2578	C	0	765	0	5195	0	0	15	0	5960	15	5195	765	5960	0.8716442953020134	0.0	0.0
nad7	2601	T	0	4380	0	932	13	0	0	0	5312	13	4380	932	5312	0.8245481927710844	0.0	0.0
nad7	2604	T	0	4033	0	1273	14	0	0	0	5306	14	4033	1273	5306	0.7600829249905767	0.0	0.0
nad7	2634	T	0	4279	0	1301	11	0	0	0	5580	11	4279	1301	5580	0.7668458781362008	0.0	0.0
nad7	2637	T	0	4428	0	1187	11	0	0	0	5615	11	4428	1187	5615	0.7886019590382903	0.0	0.0
nad7	2649	C	0	1579	0	4051	0	0	12	0	5630	12	4051	1579	5630	0.719538188277087	0.0	0.0
nad7	3753	T	0	4161	0	1601	13	0	0	0	5762	13	4161	1601	5762	0.7221450885109337	0.0	0.0
nad7	3768	C	0	936	0	4790	0	0	14	0	5726	14	4790	936	5726	0.8365351030387705	0.0	0.0
nad7	3777	C	0	744	0	4850	0	0	13	0	5594	13	4850	744	5594	0.8670003575259206	0.0	0.0
nad7	3783	T	0	4284	0	1113	14	0	0	0	5397	14	4284	1113	5397	0.7937743190661478	0.0	0.0
nad7	3787	C	0	1027	0	4505	0	0	14	0	5532	14	4505	1027	5532	0.814352856109906	0.0	0.0
nad7	3793	C	0	359	0	5178	0	0	13	0	5537	13	5178	359	5537	0.9351634459093372	0.0	0.0
nad7	3802	T	0	4485	0	1422	13	0	0	0	5907	13	4485	1422	5907	0.7592686642965972	0.0	0.0
nad7	3822	C	0	1281	0	4979	0	0	16	0	6260	16	4979	1281	6260	0.795367412140575	0.0	0.0
nad7	3825	C	0	1542	0	4850	0	0	16	0	6392	16	4850	1542	6392	0.7587609511889862	0.0	0.0
nad7	3856	C	0	908	0	4555	0	0	16	0	5463	16	4555	908	5463	0.8337909573494418	0.0	0.0
nad7	3858	T	0	4205	0	1224	14	0	0	0	5429	14	4205	1224	5429	0.7745441149382943	0.0	0.0
nad7	3861	T	0	4613	0	928	14	0	0	0	5541	14	4613	928	5541	0.8325212055585635	0.0	0.0
nad7	3870	T	0	4940	0	798	14	0	0	0	5738	14	4940	798	5738	0.8609271523178808	0.0	0.0
nad7	3878	C	0	4888	0	881	0	0	13	0	5769	13	881	4888	5769	0.1527127751776738	1.0269189520536295e-186	3.8803125080180016e-185
nad7	3882	T	0	4501	0	1368	12	0	0	0	5869	12	4501	1368	5869	0.7669108877151133	0.0	0.0
nad7	3885	C	0	790	0	5090	0	0	10	0	5880	10	5090	790	5880	0.8656462585034014	0.0	0.0
nad7	3889	C	0	1017	0	5120	0	0	9	0	6137	9	5120	1017	6137	0.8342838520449731	0.0	0.0
nad7	3894	T	0	4730	0	1488	9	0	0	0	6218	9	4730	1488	6218	0.760694757156642	0.0	0.0
nad7	3901	T	0	4974	0	1310	9	0	0	0	6284	9	4974	1310	6284	0.7915340547422024	0.0	0.0
nad7	3934	C	0	950	0	6030	0	0	9	0	6980	9	6030	950	6980	0.8638968481375359	0.0	0.0
nad7	3948	T	0	5857	0	1140	9	0	0	0	6997	9	5857	1140	6997	0.8370730312991282	0.0	0.0
nad7	3954	T	0	5351	0	1029	9	0	0	0	6380	9	5351	1029	6380	0.8387147335423197	0.0	0.0
nad7	3963	T	0	5299	0	1194	9	0	0	0	6493	9	5299	1194	6493	0.8161096565532111	0.0	0.0
nad7	3970	C	0	615	0	5671	0	0	9	0	6286	9	5671	615	6286	0.902163538020999	0.0	0.0
nad7	3979	C	0	1071	0	5325	0	0	10	0	6396	10	5325	1071	6396	0.8325515947467167	0.0	0.0
nad7	3997	C	0	836	0	5148	0	0	9	0	5984	9	5148	836	5984	0.8602941176470589	0.0	0.0
nad7	4033	T	0	5198	0	1202	12	0	0	0	6400	12	5198	1202	6400	0.8121875	0.0	0.0
nad7	4042	T	0	5103	0	1121	14	0	0	0	6224	14	5103	1121	6224	0.8198907455012854	0.0	0.0
nad7	4045	C	0	562	0	5711	0	0	15	0	6273	15	5711	562	6273	0.9104096923322175	0.0	0.0
nad7	4051	T	0	4942	0	1504	15	0	0	0	6446	15	4942	1504	6446	0.7666770089978281	0.0	0.0
nad7	4054	T	0	5121	0	1360	15	0	0	0	6481	15	5121	1360	6481	0.7901558401481253	0.0	0.0
nad7	4059	G	0	0	6691	0	0	10	0	5	6691	15	5	10	15	0.3333333333333333	0.0006146828696831215	0.021111508764892865
nad7	4066	C	0	1136	0	5355	0	0	15	0	6491	15	5355	1136	6491	0.8249884455399784	0.0	0.0
nad7	4078	C	0	1119	0	5834	0	0	18	0	6953	18	5834	1119	6953	0.839062275276859	0.0	0.0
nad7	4082	C	0	6557	0	463	0	0	20	0	7020	20	463	6557	7020	0.06595441595441595	2.569036081806738e-9	8.96732883948383e-8
nad7	4102	T	0	6246	0	1180	23	0	0	0	7426	23	6246	1180	7426	0.8410988419068139	0.0	0.0
nad7	4107	T	0	6294	0	1111	22	0	0	0	7405	22	6294	1111	7405	0.849966239027684	0.0	0.0
nad7	4110	C	0	638	0	6848	0	0	23	0	7486	23	6848	638	7486	0.9147742452578146	0.0	0.0
nad7	4133	C	0	7416	0	536	0	0	21	0	7952	21	536	7416	7952	0.06740442655935613	6.799706710765718e-12	2.3851343207533517e-10
nad7	4137	T	0	6688	0	1386	21	0	0	0	8074	21	6688	1386	8074	0.8283378746594006	0.0	0.0
nad7	4150	C	0	796	0	6976	0	0	21	0	7772	21	6976	796	7772	0.8975810602161606	0.0	0.0
nad7	4159	C	0	936	0	6832	0	0	20	0	7768	20	6832	936	7768	0.8795056642636457	0.0	0.0
nad7	4162	T	0	6727	0	968	20	0	0	0	7695	20	6727	968	7695	0.8742040285899935	0.0	0.0
nad7	4177	C	0	1373	0	6495	0	0	21	0	7868	21	6495	1373	7868	0.8254956786985257	0.0	0.0
nad7	4189	C	0	1815	0	5917	0	0	19	0	7732	19	5917	1815	7732	0.7652612519399896	0.0	0.0
nad7	4206	T	0	5466	0	1310	21	0	0	0	6776	21	5466	1310	6776	0.8066706021251476	0.0	0.0
nad7	4213	C	0	566	0	6231	0	0	20	0	6797	20	6231	566	6797	0.9167279682212741	0.0	0.0
nad7	4219	C	0	727	0	6041	0	0	15	0	6768	15	6041	727	6768	0.8925827423167849	0.0	0.0
nad7	4242	T	0	3275	0	2432	13	0	0	0	5707	13	3275	2432	5707	0.5738566672507447	0.0	0.0
nad7	4276	T	0	444	0	3914	14	0	0	0	4358	14	444	3914	4358	0.10188159706287288	6.029842941219401e-44	2.1839815658038444e-42
nad7	4356	T	0	20	0	161	0	0	0	0	181	0	20	161	181	0.11049723756906077	0.0007994111038358351	0.027434058895284854
nad9	193	T	0	10929	0	1191	22	0	0	0	12120	22	10929	1191	12120	0.9017326732673268	0.0	0.0
nad9	203	C	0	1980	0	10444	0	0	26	0	12424	26	10444	1980	12424	0.8406310367031552	0.0	0.0
nad9	209	T	0	11584	0	1094	28	0	0	0	12678	28	11584	1094	12678	0.9137087868749014	0.0	0.0
nad9	212	C	0	730	0	12091	0	0	28	0	12821	28	12091	730	12821	0.9430621636377817	0.0	0.0
nad9	217	T	0	12235	0	886	28	0	0	0	13121	28	12235	886	13121	0.9324746589436781	0.0	0.0
nad9	218	T	0	12315	0	894	28	0	0	0	13209	28	12315	894	13209	0.932318873495344	0.0	0.0
nad9	223	C	0	1445	0	11955	0	0	26	0	13400	26	11955	1445	13400	0.8921641791044777	0.0	0.0
nad9	238	T	0	12034	0	3365	29	0	0	0	15399	29	12034	3365	15399	0.7814793168387557	0.0	0.0
nad9	284	C	0	1263	0	15474	0	0	41	0	16737	41	15474	1263	16737	0.9245384477504929	0.0	0.0
nad9	289	T	0	14318	0	2986	41	0	0	0	17304	41	14318	2986	17304	0.8274387424872862	0.0	0.0
nad9	305	C	0	1221	0	14612	0	0	54	0	15833	54	14612	1221	15833	0.9228825870018316	0.0	0.0
nad9	317	T	0	14754	0	1287	54	0	0	0	16041	54	14754	1287	16041	0.9197680942584627	0.0	0.0
nad9	323	T	0	14738	0	1600	53	0	0	0	16338	53	14738	1600	16338	0.9020687966703391	0.0	0.0
nad9	328	C	0	1614	0	14782	0	0	50	0	16396	50	14782	1614	16396	0.9015613564283972	0.0	0.0
nad9	337	C	0	13831	0	3135	0	0	53	0	16966	53	3135	13831	16966	0.18478132736060357	0.0	0.0
nad9	338	C	0	1464	0	15693	0	0	53	0	17157	53	15693	1464	17157	0.9146703969225389	0.0	0.0
nad9	347	C	0	2359	0	15168	0	0	54	0	17527	54	15168	2359	17527	0.8654076567581446	0.0	0.0
nad9	349	C	0	477	0	17192	0	0	55	0	17669	55	17192	477	17669	0.9730035655668119	0.0	0.0
nad9	376	T	0	16766	0	3959	48	0	0	0	20725	48	16766	3959	20725	0.8089746682750302	0.0	0.0
nad9	399	C	0	3244	0	18425	0	0	46	0	21669	46	18425	3244	21669	0.8502930453643454	0.0	0.0
nad9	401	C	0	1757	0	19870	0	0	46	0	21627	46	19870	1757	21627	0.9187589587090211	0.0	0.0
nad9	404	C	0	1643	0	18943	0	0	47	0	20586	47	18943	1643	20586	0.9201884776061401	0.0	0.0
nad9	412	T	0	16489	0	2673	43	0	0	0	19162	43	16489	2673	19162	0.8605051664753157	0.0	0.0
nad9	421	C	0	1842	0	17176	0	0	40	0	19018	40	17176	1842	19018	0.9031443895257125	0.0	0.0
nad9	460	T	0	19077	0	1467	32	0	0	0	20544	32	19077	1467	20544	0.9285922897196262	0.0	0.0
nad9	464	C	0	2592	0	17541	0	0	31	0	20133	31	17541	2592	20133	0.8712561466249441	0.0	0.0
nad9	470	T	0	19374	0	1210	31	0	0	0	20584	31	19374	1210	20584	0.9412164788184998	0.0	0.0
nad9	485	C	0	2045	0	19470	0	0	26	0	21515	26	19470	2045	21515	0.9049500348594004	0.0	0.0
nad9	488	T	0	19713	0	2184	32	0	0	0	21897	32	19713	2184	21897	0.9002603096314563	0.0	0.0
nad9	499	C	0	364	0	20593	0	0	34	0	20957	34	20593	364	20957	0.9826311017798349	0.0	0.0
nad9	517	C	0	739	0	22129	0	0	35	0	22868	35	22129	739	22868	0.9676841000524751	0.0	0.0
nad9	524	C	0	1497	0	17368	0	0	35	0	18865	35	17368	1497	18865	0.920646700238537	0.0	0.0
nad9	527	C	0	721	0	19664	0	0	38	0	20385	38	19664	721	20385	0.9646308560215845	0.0	0.0
nad9	535	C	0	1564	0	19343	0	0	38	0	20907	38	19343	1564	20907	0.9251925192519251	0.0	0.0
nad9	539	C	0	1331	0	19747	0	0	36	0	21078	36	19747	1331	21078	0.936853591422336	0.0	0.0
nad9	541	C	0	1519	0	19675	0	0	39	0	21194	39	19675	1519	21194	0.9283287722940455	0.0	0.0
nad9	543	T	0	1203	0	20012	41	0	0	0	21215	41	1203	20012	21215	0.056705161442375675	5.915048611479906e-6	0.00020504623775738622
nad9	547	T	0	18957	0	2149	41	0	0	0	21106	41	18957	2149	21106	0.8981806121482043	0.0	0.0
nad9	566	C	0	2093	0	20518	0	0	39	0	22611	39	20518	2093	22611	0.907434434567246	0.0	0.0
nad9	595	T	0	19423	0	3447	38	0	0	0	22870	38	19423	3447	22870	0.8492785308264101	0.0	0.0
nad9	596	T	0	21519	0	1777	39	0	0	0	23296	39	21519	1777	23296	0.9237208104395604	0.0	0.0
nad9	601	T	0	18448	0	5549	43	0	0	0	23997	43	18448	5549	23997	0.7687627620119182	0.0	0.0
nad9	614	T	0	23274	0	851	45	0	0	0	24125	45	23274	851	24125	0.9647253886010363	0.0	0.0
nad9	640	C	0	1081	0	26974	0	0	48	0	28055	48	26974	1081	28055	0.961468543931563	0.0	0.0
nad9	649	C	0	1807	0	26501	0	0	53	0	28308	53	26501	1807	28308	0.9361664547124487	0.0	0.0
nad9	650	T	0	27316	0	1085	54	0	0	0	28401	54	27316	1085	28401	0.9617971198197247	0.0	0.0
nad9	658	T	0	27044	0	1982	57	0	0	0	29026	57	27044	1982	29026	0.9317163922000965	0.0	0.0
nad9	667	C	0	2179	0	28291	0	0	54	0	30470	54	28291	2179	30470	0.9284870364292747	0.0	0.0
nad9	674	T	0	27501	0	3131	54	0	0	0	30632	54	27501	3131	30632	0.8977866283624968	0.0	0.0
nad9	697	T	0	29587	0	2442	59	0	0	0	32029	59	29587	2442	32029	0.9237565955852509	0.0	0.0
nad9	704	C	0	3932	0	28601	0	0	59	0	32533	59	28601	3932	32533	0.8791381059232164	0.0	0.0
nad9	710	C	0	2743	0	29945	0	0	56	0	32688	56	29945	2743	32688	0.91608541360744	0.0	0.0
nad9	931	T	0	16	0	17	5	0	0	0	33	5	16	17	33	0.48484848484848486	7.855136816049654e-13	2.7655443240157054e-11
rpl2	125	C	0	2316	0	250	0	0	190	0	2566	190	250	2316	2566	0.09742790335151988	6.231115269714889e-23	2.9523355003587184e-21
rpl2	130	C	0	496	0	2175	0	0	199	0	2671	199	2175	496	2671	0.814301759640584	0.0	0.0
rpl2	137	C	0	2188	0	550	0	0	208	0	2738	208	550	2188	2738	0.20087655222790357	3.4963596708187365e-170	1.853416799758764e-168
rpl2	159	C	0	681	0	2253	0	0	222	0	2934	222	2253	681	2934	0.7678936605316974	0.0	0.0
rpl2	162	C	0	372	0	2569	0	0	243	0	2941	243	2569	372	2941	0.8735124107446447	0.0	0.0
rpl2	172	C	0	308	0	2710	0	0	258	0	3018	258	2710	308	3018	0.8979456593770709	0.0	0.0
rpl2	201	T	0	2709	0	370	302	0	0	0	3079	302	2709	370	3079	0.8798311139980514	0.0	0.0
rpl2	222	T	0	2162	0	776	306	0	0	0	2938	306	2162	776	2938	0.7358747447243023	0.0	0.0
rpl2	229	C	0	241	0	2701	0	0	301	0	2942	301	2701	241	2942	0.9180829367777023	0.0	0.0
rpl2	243	T	0	1969	0	362	287	0	0	0	2331	287	1969	362	2331	0.8447018447018447	0.0	0.0
rpl2	247	T	0	1935	0	386	290	0	0	0	2321	290	1935	386	2321	0.8336923739767341	0.0	0.0
rpl2	250	T	0	1949	0	445	274	0	0	0	2394	274	1949	445	2394	0.8141186299081036	0.0	0.0
rpl2	252	T	0	2022	0	399	263	0	0	0	2421	263	2022	399	2421	0.8351920693928129	0.0	0.0
rpl2	280	C	0	320	0	2251	0	0	226	0	2571	226	2251	320	2571	0.8755348113574485	0.0	0.0
rpl2	300	T	0	2240	0	495	215	0	0	0	2735	215	2240	495	2735	0.8190127970749543	0.0	0.0
rpl2	307	C	0	555	0	2185	0	0	212	0	2740	212	2185	555	2740	0.7974452554744526	0.0	0.0
rpl2	336	T	0	2261	0	814	183	0	0	0	3075	183	2261	814	3075	0.7352845528455284	0.0	0.0
rpl2	346	C	0	357	0	2865	0	0	171	0	3222	171	2865	357	3222	0.8891992551210428	0.0	0.0
rpl2	351	C	0	838	0	2410	0	0	157	0	3248	157	2410	838	3248	0.7419950738916257	0.0	0.0
rpl2	381	T	0	2670	0	422	79	0	0	0	3092	79	2670	422	3092	0.8635187580853816	0.0	0.0
rpl2	394	C	0	531	0	2695	0	0	22	0	3226	22	2695	531	3226	0.8353998760074396	0.0	0.0
rpl2	405	T	0	2637	0	664	19	0	0	0	3301	19	2637	664	3301	0.7988488336867616	0.0	0.0
rpl2	427	T	0	3050	0	721	22	0	0	0	3771	22	3050	721	3771	0.8088040307610713	0.0	0.0
rpl2	475	C	0	2999	0	654	0	0	29	0	3653	29	654	2999	3653	0.17903093347933205	1.563239895478599e-174	8.369586400392418e-173
rpl2	494	C	0	3195	0	384	0	0	27	0	3579	27	384	3195	3579	0.10729253981559095	3.6206468913326965e-43	1.7463913023599332e-41
rpl2	718	C	0	1846	0	665	0	0	34	0	2511	34	665	1846	2511	0.2648347272003186	2.4690021631145074e-278	1.3488813858484767e-276
rpl2	762	T	0	1140	0	1362	30	0	0	0	2502	30	1140	1362	2502	0.4556354916067146	0.0	0.0
rpl2	768	C	0	2146	0	357	0	0	30	0	2503	30	357	2146	2503	0.14262884538553736	4.139439750893279e-69	2.0332624244295977e-67
rpl2	808	C	0	2172	0	204	0	0	29	0	2376	29	204	2172	2376	0.08585858585858586	1.6170447799781643e-13	7.46349806207163e-12
rpl2	814	C	0	1791	0	340	0	0	28	0	2131	28	340	1791	2131	0.15954950727358047	3.021271791938344e-78	1.5117653433680274e-76
rpl2	831	T	0	264	0	1796	28	0	0	0	2060	28	264	1796	2060	0.12815533980582525	4.563613791588098e-43	2.1815703785859533e-41
rpl2	1061	C	0	830	0	4130	0	0	27	0	4960	27	4130	830	4960	0.8326612903225806	0.0	0.0
rpl2	1122	C	0	536	0	3842	0	0	23	0	4378	23	3842	536	4378	0.8775696665143902	0.0	0.0
rpl2	1132	C	0	608	0	3900	0	0	23	0	4508	23	3900	608	4508	0.865128660159716	0.0	0.0
rpl2	1156	T	0	3625	0	611	30	0	0	0	4236	30	3625	611	4236	0.8557601510859302	0.0	0.0
rpl2	1159	T	0	2982	0	1231	29	0	0	0	4213	29	2982	1231	4213	0.7078091621172561	0.0	0.0
rpl2	1177	T	0	2799	0	1033	31	0	0	0	3832	31	2799	1033	3832	0.730427974947808	0.0	0.0
rpl2	1183	T	0	3096	0	710	31	0	0	0	3806	31	3096	710	3806	0.8134524435102469	0.0	0.0
rpl2	1186	T	0	3356	0	426	32	0	0	0	3782	32	3356	426	3782	0.8873611845584347	0.0	0.0
rpl2	1204	T	0	2999	0	723	29	0	0	0	3722	29	2999	723	3722	0.8057495969908651	0.0	0.0
rpl2	1255	T	0	2512	0	298	25	0	0	0	2810	25	2512	298	2810	0.8939501779359431	0.0	0.0
rpl2	1262	T	0	2461	0	305	14	0	0	0	2766	14	2461	305	2766	0.8897324656543746	0.0	0.0
rpl2	1274	C	0	336	0	2181	0	0	14	0	2517	14	2181	336	2517	0.866507747318236	0.0	0.0
rpl2	1279	T	0	2053	0	437	14	0	0	0	2490	14	2053	437	2490	0.8244979919678714	0.0	0.0
rpl2	1411	T	0	1609	0	302	8	0	0	0	1911	8	1609	302	1911	0.8419675562532706	0.0	0.0
rpl2	1416	C	0	1757	0	175	0	0	8	0	1932	8	175	1757	1932	0.09057971014492754	9.344596906645178e-14	4.350519290276372e-12
rpl2	1553	C	0	765	0	370	0	0	2	0	1135	2	370	765	1135	0.32599118942731276	1.6381571289661171e-189	8.859286129782416e-188
rpl2	1699	C	0	492	0	601	0	0	9	0	1093	9	601	492	1093	0.5498627630375115	0.0	0.0
rpl2	2033	C	0	123	0	753	0	0	0	0	876	0	753	123	876	0.8595890410958904	0.0	0.0
rpl2	2312	C	0	550	0	861	0	0	1	0	1411	1	861	550	1411	0.6102055279943303	0.0	0.0
rpl2	2327	T	0	859	0	544	1	0	0	0	1403	1	859	544	1403	0.6122594440484675	0.0	0.0
rpl2	2330	T	0	921	0	497	1	0	0	0	1418	1	921	497	1418	0.6495063469675599	0.0	0.0
rpl2	2352	C	0	86	0	1268	0	0	1	0	1354	1	1268	86	1354	0.9364844903988183	0.0	0.0
rpl2	2408	T	0	1093	0	302	1	0	0	0	1395	1	1093	302	1395	0.7835125448028674	0.0	0.0
rpl2	2447	T	0	985	0	354	1	0	0	0	1339	1	985	354	1339	0.7356235997012696	0.0	0.0
rpl2	2528	T	0	941	0	169	0	0	0	0	1110	0	941	169	1110	0.8477477477477477	0.0	0.0
rpl2	2543	C	0	163	0	840	0	0	0	0	1003	0	840	163	1003	0.8374875373878365	0.0	0.0
rpl2	2553	C	0	148	0	849	0	0	0	0	997	0	849	148	997	0.8515546639919759	0.0	0.0
rpl2	2589	C	0	129	0	804	0	0	0	0	933	0	804	129	933	0.8617363344051447	0.0	0.0
rpl2	2590	C	0	126	0	803	0	0	0	0	929	0	803	126	929	0.8643702906350915	0.0	0.0
rpl2	2606	T	0	737	0	152	0	0	0	0	889	0	737	152	889	0.829021372328459	0.0	0.0
rpl2	2619	C	0	115	0	711	0	0	1	0	826	1	711	115	826	0.860774818401937	0.0	0.0
rpl2	2624	T	0	693	0	152	1	0	0	0	845	1	693	152	845	0.8201183431952662	0.0	0.0
rpl2	2649	C	0	114	0	812	0	0	1	0	926	1	812	114	926	0.8768898488120951	0.0	0.0
rpl2	2669	T	0	913	0	82	1	0	0	0	995	1	913	82	995	0.9175879396984925	0.0	0.0
rpl2	2679	C	0	87	0	984	0	0	1	0	1071	1	984	87	1071	0.9187675070028011	0.0	0.0
rpl2	2685	C	0	96	0	913	0	0	3	0	1009	3	913	96	1009	0.9048562933597621	0.0	0.0
rpl2	2688	T	0	913	0	114	3	0	0	0	1027	3	913	114	1027	0.8889970788704966	0.0	0.0
rpl2	2691	T	0	927	0	141	3	0	0	0	1068	3	927	141	1068	0.8679775280898876	0.0	0.0
rpl2	2705	C	0	152	0	829	0	0	3	0	981	3	829	152	981	0.8450560652395515	0.0	0.0
rpl2	2715	T	0	874	0	154	3	0	0	0	1028	3	874	154	1028	0.8501945525291829	0.0	0.0
rpl2	2717	T	0	870	0	177	3	0	0	0	1047	3	870	177	1047	0.830945558739255	0.0	0.0
rpl2	2723	T	0	885	0	167	3	0	0	0	1052	3	885	167	1052	0.841254752851711	0.0	0.0
rpl2	2819	T	0	1101	0	88	2	0	0	0	1189	2	1101	88	1189	0.9259882253994953	0.0	0.0
rpl2	2829	T	0	1049	0	82	7	0	0	0	1131	7	1049	82	1131	0.9274977895667551	0.0	0.0
rpl2	2838	T	0	1043	0	98	7	0	0	0	1141	7	1043	98	1141	0.9141104294478528	0.0	0.0
rpl2	2846	T	0	1076	0	94	7	0	0	0	1170	7	1076	94	1170	0.9196581196581196	0.0	0.0
rpl2	2849	T	0	1049	0	126	7	0	0	0	1175	7	1049	126	1175	0.8927659574468085	0.0	0.0
rpl2	2852	T	0	1033	0	144	7	0	0	0	1177	7	1033	144	1177	0.8776550552251486	0.0	0.0
rpl2	2889	T	0	1030	0	166	7	0	0	0	1196	7	1030	166	1196	0.8612040133779264	0.0	0.0
rpl2	2892	T	0	1086	0	118	7	0	0	0	1204	7	1086	118	1204	0.9019933554817275	0.0	0.0
rpl2	2898	T	0	1064	0	124	7	0	0	0	1188	7	1064	124	1188	0.8956228956228957	0.0	0.0
rpl2	2901	T	0	1031	0	166	7	0	0	0	1197	7	1031	166	1197	0.8613199665831245	0.0	0.0
rpl2	2930	T	0	992	0	243	5	0	0	0	1235	5	992	243	1235	0.8032388663967611	0.0	0.0
rpl2	2969	T	0	1105	0	80	5	0	0	0	1185	5	1105	80	1185	0.9324894514767933	0.0	0.0
rpl2	3009	C	0	57	0	1234	0	0	4	0	1291	4	1234	57	1291	0.9558481797056545	0.0	0.0
rpl2	3047	T	0	1207	0	65	5	0	0	0	1272	5	1207	65	1272	0.9488993710691824	0.0	0.0
rpl2	3050	A	1295	0	0	0	0	4	0	4	1295	8	4	4	8	0.5	0.0003717513671875011	0.016867430677304073
rpl2	3053	C	0	51	0	1236	0	0	9	0	1287	9	1236	51	1287	0.9603729603729604	0.0	0.0
rpl2	3054	T	0	1233	0	75	8	0	0	0	1308	8	1233	75	1308	0.9426605504587156	0.0	0.0
rpl2	3063	C	0	68	0	1275	0	0	5	0	1343	5	1275	68	1343	0.9493670886075949	0.0	0.0
rpl2	3087	C	0	83	0	1324	0	0	4	0	1407	4	1324	83	1407	0.9410092395167022	0.0	0.0
rpl2	3089	T	0	1194	0	219	4	0	0	0	1413	4	1194	219	1413	0.8450106157112527	0.0	0.0
rpl2	3171	T	0	1346	0	74	18	0	0	0	1420	18	1346	74	1420	0.9478873239436619	0.0	0.0
rpl2	3173	T	0	1374	0	79	18	0	0	0	1453	18	1374	79	1453	0.9456297315898142	0.0	0.0
rpl2	3199	C	0	399	0	1371	0	0	17	0	1770	17	1371	399	1770	0.7745762711864407	0.0	0.0
rpl2	3231	C	0	302	0	1418	0	0	19	0	1720	19	1418	302	1720	0.8244186046511628	0.0	0.0
rpl2	3236	T	0	1304	0	252	24	0	0	0	1556	24	1304	252	1556	0.8380462724935732	0.0	0.0
rpl2	3249	T	0	1424	0	247	23	0	0	0	1671	23	1424	247	1671	0.8521843207660084	0.0	0.0
rpl2	3269	C	0	294	0	1438	0	0	19	0	1732	19	1438	294	1732	0.8302540415704388	0.0	0.0
rpl2	3293	C	0	221	0	1462	0	0	14	0	1683	14	1462	221	1683	0.8686868686868687	0.0	0.0
rpl2	3410	C	0	995	0	100	0	0	3	0	1095	3	100	995	1095	0.091324200913242	9.77573000175613e-9	4.4734408914019077e-7
rpl2	3870	C	0	299	0	578	0	0	17	0	877	17	578	299	877	0.6590649942987458	0.0	0.0
rpl2	3951	C	0	312	0	801	0	0	16	0	1113	16	801	312	1113	0.7196765498652291	0.0	0.0
rpl2	4521	T	0	1358	0	269	6	0	0	0	1627	6	1358	269	1627	0.8346650276582668	0.0	0.0
rpl2	4737	T	0	413	0	82	9	0	0	0	495	9	413	82	495	0.8343434343434344	0.0	0.0
rpl2	4740	T	0	419	0	62	9	0	0	0	481	9	419	62	481	0.8711018711018711	0.0	0.0
rpl2	4747	T	0	361	0	103	7	0	0	0	464	7	361	103	464	0.7780172413793104	0.0	0.0
rpl2	4761	T	0	205	0	170	5	0	0	0	375	5	205	170	375	0.5466666666666666	2.058438281605272e-160	1.0804782901681006e-158
rpl2	4764	T	0	196	0	162	7	0	0	0	358	7	196	162	358	0.547486033519553	1.263894298621635e-153	6.569796189145858e-152
rpl2	4767	T	0	190	0	163	7	0	0	0	353	7	190	163	353	0.5382436260623229	4.334312101899128e-147	2.2313372109199936e-145
rpl2	4770	T	0	149	0	203	7	0	0	0	352	7	149	203	352	0.42329545454545453	2.796236166795722e-96	1.4123630600966317e-94
rpl2	4773	T	0	127	0	236	7	0	0	0	363	7	127	236	363	0.349862258953168	1.7955580622496848e-70	8.901312838226679e-69
rpl2	4776	T	0	112	0	240	6	0	0	0	352	6	112	240	352	0.3181818181818182	1.8565024260628076e-57	9.036103626491156e-56
rpl2	4782	T	0	51	0	218	6	0	0	0	269	6	51	218	269	0.1895910780669145	2.6576098345961194e-16	1.2481441275813705e-14
rpl2	5225	C	0	19	0	726	0	0	6	0	745	6	726	19	745	0.974496644295302	0.0	0.0
rpl2	5226	C	0	20	0	726	0	0	6	0	746	6	726	20	746	0.9731903485254692	0.0	0.0
rpl2	5332	C	0	16	0	106	0	0	0	0	122	0	106	16	122	0.8688524590163934	2.251418382565839e-119	1.1480089543102382e-117
rpl5	159	C	0	385	0	3422	0	0	40	0	3807	40	3422	385	3807	0.8988705017073811	0.0	0.0
rpl5	163	C	0	3529	0	401	0	0	41	0	3930	41	401	3529	3930	0.10203562340966921	5.0546286849471334e-40	1.82535837997144e-38
rpl5	216	C	0	946	0	2374	0	0	40	0	3320	40	2374	946	3320	0.7150602409638555	0.0	0.0
rpl5	219	C	0	354	0	2884	0	0	43	0	3238	43	2884	354	3238	0.8906732550957381	0.0	0.0
rpl5	225	C	0	224	0	3060	0	0	45	0	3284	45	3060	224	3284	0.9317904993909866	0.0	0.0
rpl5	251	T	0	3010	0	188	55	0	0	0	3198	55	3010	188	3198	0.941213258286429	0.0	0.0
rpl5	252	T	0	3001	0	249	55	0	0	0	3250	55	3001	249	3250	0.9233846153846154	0.0	0.0
rpl5	321	C	0	407	0	2358	0	0	49	0	2765	49	2358	407	2765	0.8528028933092224	0.0	0.0
rpl5	330	C	0	212	0	2565	0	0	53	0	2777	53	2565	212	2777	0.9236586244148361	0.0	0.0
rpl5	332	C	0	238	0	2532	0	0	52	0	2770	52	2532	238	2770	0.9140794223826715	0.0	0.0
rpl5	338	T	0	2423	0	268	53	0	0	0	2691	53	2423	268	2691	0.9004087699739873	0.0	0.0
rpl5	344	C	0	289	0	2429	0	0	54	0	2718	54	2429	289	2718	0.8936718175128772	0.0	0.0
rpl5	356	T	0	2090	0	630	45	0	0	0	2720	45	2090	630	2720	0.7683823529411765	0.0	0.0
rpl5	381	T	0	1952	0	275	52	0	0	0	2227	52	1952	275	2227	0.8765154916928604	0.0	0.0
rpl5	386	T	0	1960	0	322	53	0	0	0	2282	53	1960	322	2282	0.8588957055214724	0.0	0.0
rpl5	399	C	0	225	0	2109	0	0	46	0	2334	46	2109	225	2334	0.903598971722365	0.0	0.0
rpl5	410	T	0	1794	0	433	43	0	0	0	2227	43	1794	433	2227	0.8055680287382129	0.0	0.0
rpl5	431	T	0	2150	0	431	61	0	0	0	2581	61	2150	431	2581	0.833010461061604	0.0	0.0
rpl5	449	T	0	2018	0	443	57	0	0	0	2461	57	2018	443	2461	0.8199918732222674	0.0	0.0
rpl5	461	T	0	2207	0	281	51	0	0	0	2488	51	2207	281	2488	0.8870578778135049	0.0	0.0
rpl5	482	C	0	284	0	2009	0	0	50	0	2293	50	2009	284	2293	0.8761447884866986	0.0	0.0
rpl5	515	T	0	2367	0	321	44	0	0	0	2688	44	2367	321	2688	0.8805803571428571	0.0	0.0
rpl5	518	T	0	2454	0	233	41	0	0	0	2687	41	2454	233	2687	0.9132861927800521	0.0	0.0
rpl5	522	T	0	2540	0	232	43	0	0	0	2772	43	2540	232	2772	0.9163059163059163	0.0	0.0
rpl5	533	T	0	2107	0	754	43	0	0	0	2861	43	2107	754	2861	0.7364557846906676	0.0	0.0
rpl5	582	C	0	199	0	2569	0	0	38	0	2768	38	2569	199	2768	0.928106936416185	0.0	0.0
rpl5	590	C	0	313	0	2535	0	0	36	0	2848	36	2535	313	2848	0.8900983146067416	0.0	0.0
rpl5	596	T	0	2574	0	386	34	0	0	0	2960	34	2574	386	2960	0.8695945945945946	0.0	0.0
rpl5	612	C	0	319	0	2751	0	0	34	0	3070	34	2751	319	3070	0.8960912052117264	0.0	0.0
rpl5	618	C	0	258	0	2905	0	0	31	0	3163	31	2905	258	3163	0.9184318684792918	0.0	0.0
rpl5	620	C	0	284	0	2874	0	0	32	0	3158	32	2874	284	3158	0.9100696643445219	0.0	0.0
rpl5	632	T	0	2688	0	396	30	0	0	0	3084	30	2688	396	3084	0.8715953307392996	0.0	0.0
rpl5	686	T	0	2893	0	472	12	0	0	0	3365	12	2893	472	3365	0.8597325408618128	0.0	0.0
rpl5	690	C	0	228	0	3176	0	0	14	0	3404	14	3176	228	3404	0.9330199764982373	0.0	0.0
rpl5	759	C	0	3000	0	317	0	0	18	0	3317	18	317	3000	3317	0.09556828459451311	3.358539468806103e-27	1.2027111038794855e-25
rpl5	873	T	0	149	0	1382	8	0	0	0	1531	8	149	1382	1531	0.09732201175702156	2.4683693322749132e-14	8.7118378951927e-13
rpl6	73	C	0	356	0	2466	0	0	63	0	2822	63	2466	356	2822	0.8738483345145287	0.0	0.0
rpl6	81	T	0	2592	0	552	65	0	0	0	3144	65	2592	552	3144	0.8244274809160306	0.0	0.0
rpl6	85	C	0	1193	0	2020	0	0	67	0	3213	67	2020	1193	3213	0.6286959228135699	0.0	0.0
rpl6	94	C	0	1525	0	1827	0	0	66	0	3352	66	1827	1525	3352	0.5450477326968973	0.0	0.0
rpl6	97	C	0	650	0	2730	0	0	72	0	3380	72	2730	650	3380	0.8076923076923077	0.0	0.0
rpl6	99	T	0	2704	0	720	75	0	0	0	3424	75	2704	720	3424	0.7897196261682243	0.0	0.0
rpl6	103	C	0	523	0	2971	0	0	75	0	3494	75	2971	523	3494	0.8503148254149971	0.0	0.0
rpl6	118	T	0	3224	0	948	94	0	0	0	4172	94	3224	948	4172	0.7727708533077661	0.0	0.0
rpl6	132	T	0	3607	0	870	104	0	0	0	4477	104	3607	870	4477	0.8056734420370784	0.0	0.0
rpl6	145	C	0	386	0	4327	0	0	107	0	4713	107	4327	386	4713	0.9180988754508805	0.0	0.0
rpl6	151	C	0	963	0	3928	0	0	109	0	4891	109	3928	963	4891	0.8031077489265999	0.0	0.0
rpl6	168	T	0	4698	0	458	109	0	0	0	5156	109	4698	458	5156	0.9111714507370055	0.0	0.0
rpl6	177	T	0	4376	0	933	109	0	0	0	5309	109	4376	933	5309	0.8242606893953663	0.0	0.0
rpl6	183	T	0	4418	0	879	104	0	0	0	5297	104	4418	879	5297	0.8340570134038134	0.0	0.0
rpl6	201	T	0	3867	0	921	116	0	0	0	4788	116	3867	921	4788	0.8076441102756893	0.0	0.0
rpl6	210	C	0	295	0	4508	0	0	104	0	4803	104	4508	295	4803	0.9385800541328336	0.0	0.0
rpl6	229	C	0	534	0	4299	0	0	95	0	4833	95	4299	534	4833	0.8895096213531968	0.0	0.0
rpl6	231	C	0	548	0	4322	0	0	95	0	4870	95	4322	548	4870	0.8874743326488707	0.0	0.0
rpl6	239	C	0	3737	0	1040	0	0	97	0	4777	97	1040	3737	4777	0.21770985974460957	0.0	0.0
rpl6	252	T	0	3962	0	334	87	0	0	0	4296	87	3962	334	4296	0.9222532588454376	0.0	0.0
rpl6	264	T	0	3835	0	279	91	0	0	0	4114	91	3835	279	4114	0.9321827904715605	0.0	0.0
rpl6	268	C	0	457	0	3629	0	0	87	0	4086	87	3629	457	4086	0.8881546744982868	0.0	0.0
rpl6	269	C	0	1433	0	2636	0	0	85	0	4069	85	2636	1433	4069	0.6478250184320472	0.0	0.0
rpl6	274	T	0	3497	0	470	69	0	0	0	3967	69	3497	470	3967	0.8815225611293168	0.0	0.0
rpl6	306	C	0	133	0	2483	0	0	59	0	2616	59	2483	133	2616	0.9491590214067278	0.0	0.0
rpl6	330	T	0	1642	0	281	49	0	0	0	1923	49	1642	281	1923	0.8538741549661987	0.0	0.0
rpl6	360	G	0	0	1458	0	0	15	0	16	1458	31	16	15	31	0.5161290322580645	2.2274523655368313e-13	7.855072236176282e-12
rpl6	369	C	0	66	0	1329	0	0	30	0	1395	30	1329	66	1395	0.9526881720430107	0.0	0.0
rpl6	376	C	0	60	0	1150	0	0	28	0	1210	28	1150	60	1210	0.9504132231404959	0.0	0.0
rpl6	388	C	0	20	0	937	0	0	29	0	957	29	937	20	957	0.9791013584117032	0.0	0.0
rpl6	400	C	0	38	0	583	0	0	17	0	621	17	583	38	621	0.9388083735909822	0.0	0.0
rpl6	414	T	0	568	0	23	13	0	0	0	591	13	568	23	591	0.961082910321489	0.0	0.0
rpl6	419	C	0	521	0	55	0	0	13	0	576	13	55	521	576	0.0954861111111111	4.8447384793117275e-6	0.00016801176298667802
rpl6	430	C	0	13	0	129	0	0	10	0	142	10	129	13	142	0.9084507042253521	6.598048908730522e-151	2.472405871825967e-149
rpl6	434	C	0	13	0	99	0	0	8	0	112	8	99	13	112	0.8839285714285714	2.7707152968883935e-113	1.0301213889078371e-111
rpl6	435	T	0	90	0	16	6	0	0	0	106	6	90	16	106	0.8490566037735849	1.3232701019431125e-99	4.890045573529354e-98
rpl6	448	C	0	6	0	12	0	0	0	0	18	0	12	6	18	0.6666666666666666	3.414075416168212e-12	1.198537840748548e-10
rpl16	34	T	0	449	0	31	0	0	0	0	480	0	449	31	480	0.9354166666666667	0.0	0.0
rpl16	55	C	0	65	0	1272	0	0	0	0	1337	0	1272	65	1337	0.9513836948391923	0.0	0.0
rpl16	76	T	0	1678	0	129	0	0	0	0	1807	0	1678	129	1807	0.9286109573879358	0.0	0.0
rpl16	111	C	0	226	0	2294	0	0	0	0	2520	0	2294	226	2520	0.9103174603174603	0.0	0.0
rpl16	131	T	0	2747	0	123	0	0	0	0	2870	0	2747	123	2870	0.9571428571428572	0.0	0.0
rpl16	148	T	0	2944	0	132	0	0	0	0	3076	0	2944	132	3076	0.9570871261378413	0.0	0.0
rpl16	157	T	0	2912	0	317	0	0	0	0	3229	0	2912	317	3229	0.90182719108083	0.0	0.0
rpl16	196	T	0	3649	0	127	1	0	0	0	3776	1	3649	127	3776	0.9663665254237288	0.0	0.0
rpl16	248	T	0	3856	0	154	1	0	0	0	4010	1	3856	154	4010	0.9615960099750623	0.0	0.0
rpl16	253	T	0	3879	0	197	1	0	0	0	4076	1	3879	197	4076	0.9516683022571149	0.0	0.0
rpl16	258	C	0	3708	0	378	0	0	1	0	4086	1	378	3708	4086	0.09251101321585903	2.2847819817798664e-29	8.199073245009953e-28
rpl16	281	C	0	101	0	4247	0	0	1	0	4348	1	4247	101	4348	0.9767709291628335	0.0	0.0
rpl16	295	T	0	3811	0	448	0	0	0	0	4259	0	3811	448	4259	0.8948109884949519	0.0	0.0
rpl16	327	C	0	2203	0	2463	0	0	0	0	4666	0	2463	2203	4666	0.5278611230175739	0.0	0.0
rpl16	421	T	0	6185	0	638	0	0	0	0	6823	0	6185	638	6823	0.9064927451267771	0.0	0.0
rpl16	428	C	0	446	0	6422	0	0	0	0	6868	0	6422	446	6868	0.935061153174141	0.0	0.0
rpl16	431	C	0	296	0	6584	0	0	0	0	6880	0	6584	296	6880	0.9569767441860465	0.0	0.0
rpl16	432	C	0	478	0	6396	0	0	0	0	6874	0	6396	478	6874	0.9304626127436718	0.0	0.0
rpl16	437	C	0	353	0	6450	0	0	0	0	6803	0	6450	353	6803	0.9481111274437748	0.0	0.0
rpl16	455	T	0	5753	0	377	0	0	0	0	6130	0	5753	377	6130	0.9384991843393149	0.0	0.0
rpl16	461	T	0	5454	0	660	1	0	0	0	6114	1	5454	660	6114	0.8920510304219823	0.0	0.0
rpl16	463	T	0	5852	0	288	1	0	0	0	6140	1	5852	288	6140	0.9530944625407166	0.0	0.0
rpl16	494	C	0	270	0	5511	0	0	1	0	5781	1	5511	270	5781	0.9532952776336274	0.0	0.0
rpl16	496	C	0	337	0	5344	0	0	1	0	5681	1	5344	337	5681	0.9406794578419292	0.0	0.0
rpl16	502	T	0	4836	0	388	1	0	0	0	5224	1	4836	388	5224	0.9257274119448698	0.0	0.0
rpl16	507	C	0	4400	0	577	0	0	1	0	4977	1	577	4400	4977	0.11593329314848302	1.5005344917296068e-75	5.497657885552595e-74
rpl16	532	C	0	3228	0	1035	0	0	1	0	4263	1	1035	3228	4263	0.24278676988036593	0.0	0.0
rps1	344	C	0	567	0	578	0	0	7	0	1145	7	578	567	1145	0.5048034934497817	0.0	0.0
rps1	391	C	0	860	0	309	0	0	6	0	1169	6	309	860	1169	0.2643284858853721	3.3443349545946818e-130	1.2482650035626e-128
rps1	410	C	0	609	0	583	0	0	5	0	1192	5	583	609	1192	0.4890939597315436	0.0	0.0
rps1	480	C	0	326	0	733	0	0	5	0	1059	5	733	326	1059	0.6921624173748819	0.0	0.0
rps1	517	C	0	216	0	690	0	0	8	0	906	8	690	216	906	0.7615894039735099	0.0	0.0
rps1	600	T	0	927	0	90	7	0	0	0	1017	7	927	90	1017	0.911504424778761	0.0	0.0
rps1	612	C	0	108	0	1008	0	0	8	0	1116	8	1008	108	1116	0.9032258064516129	0.0	0.0
rps1	639	T	0	1302	0	388	4	0	0	0	1690	4	1302	388	1690	0.770414201183432	0.0	0.0
rps1	660	T	0	1910	0	70	6	0	0	0	1980	6	1910	70	1980	0.9646464646464646	0.0	0.0
rps1	804	T	0	4113	0	330	8	0	0	0	4443	8	4113	330	4443	0.925725860904794	0.0	0.0
rps1	815	T	0	294	0	4327	5	0	0	0	4621	5	294	4327	4621	0.06362259251244319	2.4234538892339856e-5	0.0008383975448803295
rps1	820	C	0	283	0	4360	0	0	5	0	4643	5	4360	283	4643	0.9390480292914064	0.0	0.0
rps1	838	C	0	406	0	4406	0	0	7	0	4812	7	4406	406	4812	0.9156275976724855	0.0	0.0
rps1	843	C	0	4577	0	318	0	0	7	0	4895	7	318	4577	4895	0.06496424923391216	2.317510114303987e-6	8.040201317546608e-5
rps1	864	C	0	301	0	4971	0	0	10	0	5272	10	4971	301	5272	0.9429059180576631	0.0	0.0
rps1	915	T	0	5189	0	254	10	0	0	0	5443	10	5189	254	5443	0.9533345581480801	0.0	0.0
rps1	941	T	0	946	0	3786	7	0	0	0	4732	7	946	3786	4732	0.19991546914623837	1.8966979004265325e-289	7.365123098785532e-288
rps1	942	C	0	98	0	4658	0	0	7	0	4756	7	4658	98	4756	0.979394449116905	0.0	0.0
rps1	1003	T	0	3494	0	174	8	0	0	0	3668	8	3494	174	3668	0.9525627044711014	0.0	0.0
rps1	1022	C	0	2290	0	1280	0	0	12	0	3570	12	1280	2290	3570	0.3585434173669468	0.0	0.0
rps1	1024	C	0	63	0	3441	0	0	11	0	3504	11	3441	63	3504	0.9820205479452054	0.0	0.0
rps1	1027	T	0	3286	0	167	11	0	0	0	3453	11	3286	167	3453	0.9516362583260932	0.0	0.0
rps1	1030	C	0	160	0	3315	0	0	12	0	3475	12	3315	160	3475	0.9539568345323741	0.0	0.0
rps1	1053	T	0	2460	0	117	12	0	0	0	2577	12	2460	117	2577	0.9545983701979045	0.0	0.0
rps1	1054	T	0	2354	0	233	12	0	0	0	2587	12	2354	233	2587	0.9099342868187089	0.0	0.0
rps1	1063	C	0	218	0	2386	0	0	12	0	2604	12	2386	218	2604	0.9162826420890937	0.0	0.0
rps1	1064	C	0	2329	0	355	0	0	12	0	2684	12	355	2329	2684	0.13226527570789867	1.4979932210573226e-60	5.457986109216644e-59
rps1	1092	C	0	1429	0	1808	0	0	10	0	3237	10	1808	1429	3237	0.558541859746679	0.0	0.0
rps1	1182	C	0	3364	0	726	0	0	10	0	4090	10	726	3364	4090	0.17750611246943765	2.5893794238731965e-191	9.805857337916617e-190
rps1	1204	T	0	4047	0	236	6	0	0	0	4283	6	4047	236	4283	0.9448984356759281	0.0	0.0
rps1	1206	T	0	3822	0	572	7	0	0	0	4394	7	3822	572	4394	0.8698224852071006	0.0	0.0
rps1	1214	T	0	696	0	3675	8	0	0	0	4371	8	696	3675	4371	0.15923129718599863	1.5051498326079537e-157	5.642532579570526e-156
rps1	1222	C	0	251	0	3650	0	0	8	0	3901	8	3650	251	3901	0.9356575237118687	0.0	0.0
rps1	1223	C	0	252	0	3690	0	0	8	0	3942	8	3690	252	3942	0.9360730593607306	0.0	0.0
rps1	1230	C	0	1922	0	2053	0	0	8	0	3975	8	2053	1922	3975	0.5164779874213836	0.0	0.0
rps1	1237	C	0	416	0	3499	0	0	8	0	3915	8	3499	416	3915	0.8937420178799489	0.0	0.0
rps1	1243	C	0	3325	0	524	0	0	8	0	3849	8	524	3325	3849	0.1361392569498571	5.719469958415445e-93	2.1081281801524133e-91
rps1	1261	C	0	248	0	3541	0	0	8	0	3789	8	3541	248	3789	0.9345473739773027	0.0	0.0
rps1	1294	C	0	3361	0	255	0	0	6	0	3616	6	255	3361	3616	0.07051991150442478	5.092818700619309e-8	1.772611445541167e-6
rps1	1319	C	0	2828	0	580	0	0	8	0	3408	8	580	2828	3408	0.17018779342723006	9.541631185761755e-145	3.569170323366006e-143
rps1	1387	T	0	334	0	982	7	0	0	0	1316	7	334	982	1316	0.25379939209726443	6.482149394485177e-135	2.422614917520752e-133
rps1	1399	T	0	794	0	328	7	0	0	0	1122	7	794	328	1122	0.7076648841354723	0.0	0.0
rps1	1402	C	0	336	0	766	0	0	7	0	1102	7	766	336	1102	0.6950998185117967	0.0	0.0
rps1	1409	C	0	98	0	938	0	0	7	0	1036	7	938	98	1036	0.9054054054054054	0.0	0.0
rps1	1412	T	0	915	0	64	7	0	0	0	979	7	915	64	979	0.9346271705822268	0.0	0.0
rps1	1421	T	0	460	0	55	6	0	0	0	515	6	460	55	515	0.8932038834951457	0.0	0.0
rps1	1427	T	0	391	0	52	4	0	0	0	443	4	391	52	443	0.8826185101580135	0.0	0.0
rps1	1435	T	0	101	0	68	4	0	0	0	169	4	101	68	169	0.5976331360946746	2.281518528978999e-85	8.387739845717854e-84
rps1	1442	C	0	44	0	105	0	0	4	0	149	4	105	44	149	0.7046979865771812	3.4953702013320405e-100	1.292803813169129e-98
rps1	1444	T	0	108	0	37	4	0	0	0	145	4	108	37	145	0.7448275862068966	2.075900388413846e-107	7.694580907236309e-106
rps1	1450	C	0	43	0	56	0	0	1	0	99	1	56	43	99	0.5656565656565656	3.459306216823953e-46	1.2540058264314874e-44
rps1	1451	T	0	13	0	74	1	0	0	0	87	1	13	74	87	0.14942528735632185	0.00038474773310099403	0.013230222952331894
rps1	1465	T	0	42	0	13	1	0	0	0	55	1	42	13	55	0.7636363636363637	1.721171573993704e-43	6.231368865964605e-42
rps2	116	T	0	2059	0	181	49	0	0	0	2240	49	2059	181	2240	0.9191964285714286	0.0	0.0
rps2	126	C	0	1642	0	665	0	0	51	0	2307	51	665	1642	2307	0.2882531426094495	1.9611884266657192e-302	7.643278864651748e-301
rps2	132	T	0	2085	0	250	53	0	0	0	2335	53	2085	250	2335	0.892933618843683	0.0	0.0
rps2	135	C	0	149	0	2222	0	0	60	0	2371	60	2222	149	2371	0.9371573175875159	0.0	0.0
rps2	140	T	0	2229	0	173	65	0	0	0	2402	65	2229	173	2402	0.9279766860949209	0.0	0.0
rps2	141	T	0	2233	0	166	66	0	0	0	2399	66	2233	166	2399	0.9308045018757816	0.0	0.0
rps2	146	C	0	272	0	2173	0	0	65	0	2445	65	2173	272	2445	0.8887525562372188	0.0	0.0
rps2	161	T	0	2147	0	603	75	0	0	0	2750	75	2147	603	2750	0.7807272727272727	0.0	0.0
rps2	197	C	0	2321	0	422	0	0	105	0	2743	105	422	2321	2743	0.15384615384615385	1.491450394126518e-91	5.490217416005797e-90
rps2	263	T	0	2706	0	358	124	0	0	0	3064	124	2706	358	3064	0.8831592689295039	0.0	0.0
rps2	273	C	0	187	0	3047	0	0	124	0	3234	124	3047	187	3234	0.9421768707482994	0.0	0.0
rps2	291	C	0	270	0	3267	0	0	127	0	3537	127	3267	270	3537	0.9236641221374046	0.0	0.0
rps2	299	T	0	3194	0	478	136	0	0	0	3672	136	3194	478	3672	0.8698257080610022	0.0	0.0
rps2	323	T	0	2973	0	505	118	0	0	0	3478	118	2973	505	3478	0.8548016101207591	0.0	0.0
rps2	444	C	0	310	0	4359	0	0	201	0	4669	201	4359	310	4669	0.9336046262582994	0.0	0.0
rps2	456	T	0	3892	0	684	198	0	0	0	4576	198	3892	684	4576	0.8505244755244755	0.0	0.0
rps2	462	T	0	4500	0	234	198	0	0	0	4734	198	4500	234	4734	0.9505703422053232	0.0	0.0
rps2	506	T	0	3796	0	369	236	0	0	0	4165	236	3796	369	4165	0.9114045618247298	0.0	0.0
rps2	512	C	0	214	0	4038	0	0	228	0	4252	228	4038	214	4252	0.9496707431796801	0.0	0.0
rps2	546	T	0	4456	0	382	260	0	0	0	4838	260	4456	382	4838	0.9210417527904092	0.0	0.0
rps2	612	T	0	3361	0	156	226	0	0	0	3517	226	3361	156	3517	0.9556440147853285	0.0	0.0
rps2	629	T	0	3345	0	186	237	0	0	0	3531	237	3345	186	3531	0.9473237043330501	0.0	0.0
rps2	640	C	0	247	0	3270	0	0	238	0	3517	238	3270	247	3517	0.92976969007677	0.0	0.0
rps2	656	T	0	2454	0	464	258	0	0	0	2918	258	2454	464	2918	0.8409869773817683	0.0	0.0
rps2	659	T	0	2889	0	100	257	0	0	0	2989	257	2889	100	2989	0.9665439946470391	0.0	0.0
rps2	665	T	0	2778	0	180	255	0	0	0	2958	255	2778	180	2958	0.9391480730223124	0.0	0.0
rps2	684	C	0	251	0	2905	0	0	246	0	3156	246	2905	251	3156	0.920468948035488	0.0	0.0
rps2	725	T	0	2619	0	223	213	0	0	0	2842	213	2619	223	2842	0.9215341308937368	0.0	0.0
rps2	729	C	0	266	0	2672	0	0	210	0	2938	210	2672	266	2938	0.9094622191967324	0.0	0.0
rps2	731	T	0	2772	0	257	199	0	0	0	3029	199	2772	257	3029	0.9151535160118851	0.0	0.0
rps2	737	T	0	2623	0	481	210	0	0	0	3104	210	2623	481	3104	0.8450386597938144	0.0	0.0
rps2	738	T	0	2758	0	368	209	0	0	0	3126	209	2758	368	3126	0.8822776711452335	0.0	0.0
rps2	744	C	0	610	0	2650	0	0	217	0	3260	217	2650	610	3260	0.8128834355828221	0.0	0.0
rps2	747	T	0	2770	0	487	211	0	0	0	3257	211	2770	487	3257	0.8504758980657047	0.0	0.0
rps2	792	T	0	3347	0	443	266	0	0	0	3790	266	3347	443	3790	0.88311345646438	0.0	0.0
rps2	798	T	0	3237	0	555	253	0	0	0	3792	253	3237	555	3792	0.8536392405063291	0.0	0.0
rps2	804	T	0	3213	0	562	255	0	0	0	3775	255	3213	562	3775	0.8511258278145696	0.0	0.0
rps2	837	C	0	454	0	3480	0	0	272	0	3934	272	3480	454	3934	0.8845958312150483	0.0	0.0
rps2	842	C	0	460	0	3520	0	0	267	0	3980	267	3520	460	3980	0.8844221105527639	0.0	0.0
rps2	845	T	0	3204	0	697	260	0	0	0	3901	260	3204	697	3901	0.8213278646500897	0.0	0.0
rps2	861	T	0	3132	0	322	260	0	0	0	3454	260	3132	322	3454	0.9067747539085119	0.0	0.0
rps2	884	T	0	3196	0	248	263	0	0	0	3444	263	3196	248	3444	0.9279907084785134	0.0	0.0
rps2	891	C	0	490	0	2969	0	0	254	0	3459	254	2969	490	3459	0.8583405608557386	0.0	0.0
rps2	892	C	0	537	0	2915	0	0	259	0	3452	259	2915	537	3452	0.8444380069524913	0.0	0.0
rps2	904	C	0	3038	0	303	0	0	239	0	3341	239	303	3038	3341	0.09069140975755761	1.2817264508647913e-22	4.5575275706975095e-21
rps2	923	C	0	974	0	1863	0	0	234	0	2837	234	1863	974	2837	0.6566795911173775	0.0	0.0
rps2	944	C	0	2627	0	552	0	0	232	0	3179	232	552	2627	3179	0.1736395092796477	1.0401471967947805e-141	3.8891058266881873e-140
rps2	945	C	0	1596	0	1562	0	0	231	0	3158	231	1562	1596	3158	0.49461684610512985	0.0	0.0
rps2	946	C	0	1372	0	1843	0	0	241	0	3215	241	1843	1372	3215	0.5732503888024884	0.0	0.0
rps2	975	C	0	3060	0	684	0	0	267	0	3744	267	684	3060	3744	0.18269230769230768	2.273137852237845e-187	8.593063237181502e-186
rps2	980	C	0	3073	0	737	0	0	267	0	3810	267	737	3073	3810	0.19343832020997376	5.340571209650925e-217	2.037770626933784e-215
rps2	1012	C	0	1707	0	2526	0	0	293	0	4233	293	2526	1707	4233	0.5967399007795889	0.0	0.0
rps2	1022	C	0	2946	0	1611	0	0	291	0	4557	291	1611	2946	4557	0.3535220539828835	0.0	0.0
rps2	1042	C	0	3915	0	542	0	0	262	0	4457	262	542	3915	4457	0.12160646174556877	3.229211360209283e-78	1.1846390929528682e-76
rps2	1052	C	0	2816	0	1655	0	0	241	0	4471	241	1655	2816	4471	0.3701632744352494	0.0	0.0
rps2	1093	C	0	3567	0	1414	0	0	277	0	4981	277	1414	3567	4981	0.2838787392089942	0.0	0.0
rps2	1103	C	0	4130	0	858	0	0	280	0	4988	280	858	4130	4988	0.17201283079390536	2.936313651668009e-216	1.1193944069313e-214
rps2	1124	C	0	2553	0	2504	0	0	273	0	5057	273	2504	2553	5057	0.4951552303737394	0.0	0.0
rps2	1126	C	0	4108	0	883	0	0	266	0	4991	266	883	4108	4991	0.17691845321578842	3.5321055181667134e-231	1.350734572496599e-229
rps2	1149	C	0	4777	0	365	0	0	269	0	5142	269	365	4777	5142	0.07098405289770518	4.203137529781334e-11	1.4719232912575343e-9
rps2	1155	C	0	4190	0	981	0	0	264	0	5171	264	981	4190	5171	0.18971185457358344	4.0039714782859946e-281	1.5512762438248042e-279
rps2	1215	C	0	4992	0	640	0	0	411	0	5632	411	640	4992	5632	0.11363636363636363	3.800565263649259e-80	1.3960351761880761e-78
rps2	1247	C	0	5279	0	503	0	0	403	0	5782	403	503	5279	5782	0.08699411968177101	4.987055145429924e-32	1.7933919475730634e-30
rps2	1252	C	0	4876	0	727	0	0	406	0	5603	406	727	4876	5603	0.12975191861502766	9.70457734026596e-118	3.6127609808938797e-116
rps2	1259	C	0	5095	0	505	0	0	450	0	5600	450	505	5095	5600	0.09017857142857143	7.399193856966388e-36	2.6697900363043957e-34
rps2	1261	C	0	5216	0	495	0	0	456	0	5711	456	495	5216	5711	0.08667483803186832	3.4606384096768476e-31	1.2434336657648372e-29
rps2	1269	C	0	4891	0	860	0	0	453	0	5751	453	860	4891	5751	0.14953921057207442	1.7979574780150864e-176	6.775814838912225e-175
rps2	1273	C	0	5018	0	813	0	0	468	0	5831	468	813	5018	5831	0.13942719945120904	5.122913571143532e-149	1.9188067747245086e-147
rps2	1295	C	0	4250	0	1297	0	0	528	0	5547	528	1297	4250	5547	0.23382008292770867	0.0	0.0
rps2	1301	C	0	4302	0	1327	0	0	526	0	5629	526	1327	4302	5629	0.23574347130929116	0.0	0.0
rps2	1306	C	0	5158	0	664	0	0	533	0	5822	533	664	5158	5822	0.1140501545860529	1.0233274012059496e-83	3.7605305610925756e-82
rps2	1314	C	0	4544	0	1187	0	0	568	0	5731	568	1187	4544	5731	0.20711917640900365	0.0	0.0
rps2	1315	C	0	4906	0	795	0	0	569	0	5701	569	795	4906	5701	0.13944921943518682	8.361712241813651e-146	3.12917345839515e-144
rps2	1330	C	0	3588	0	1778	0	0	588	0	5366	588	1778	3588	5366	0.33134550875885205	0.0	0.0
rps2	1335	C	0	4996	0	433	0	0	572	0	5429	572	433	4996	5429	0.07975686130042366	8.724579654850123e-21	3.0958337496362703e-19
rps2	1420	C	0	4599	0	450	0	0	439	0	5049	439	450	4599	5049	0.08912655971479501	4.611803223725818e-31	1.6556663623692903e-29
rps2	1421	C	0	4751	0	348	0	0	446	0	5099	446	348	4751	5099	0.06824867621102176	7.622517462484019e-9	2.6574218757747116e-7
rps2	1447	C	0	4632	0	605	0	0	472	0	5237	472	605	4632	5237	0.11552415505060148	1.5341909610372258e-78	5.6330202683057635e-77
rps2	1448	C	0	4476	0	581	0	0	428	0	5057	428	581	4476	5057	0.11489025113703777	1.1994090292322694e-74	4.392514940545535e-73
rps2	1454	C	0	4438	0	320	0	0	429	0	4758	429	320	4438	4758	0.06725514922236234	1.1136515746737117e-7	3.873037724544566e-6
rps2	1486	C	0	3598	0	485	0	0	386	0	4083	386	485	3598	4083	0.11878520695566985	4.846529924800461e-67	1.7711243352590264e-65
rps2	1525	C	0	3295	0	557	0	0	314	0	3852	314	557	3295	3852	0.14460020768431983	4.339737709161929e-109	1.6099712386116633e-107
rps2	1543	C	0	3507	0	235	0	0	368	0	3742	368	235	3507	3742	0.06280064136825227	0.00029380631930515065	0.010115230590215084
rps2	1575	C	0	1121	0	387	0	0	413	0	1508	413	387	1121	1508	0.256631299734748	8.905930813677957e-158	3.3401336577290744e-156
rps2	1977	C	0	79	0	25	0	0	55	0	104	55	25	79	104	0.2403846153846154	4.5693847227484534e-11	1.5995275066062585e-9
rps2	2178	C	0	97	0	17	0	0	100	0	114	100	17	97	114	0.14912280701754385	5.419010376660835e-5	0.001869427580502944
rps3	79	T	0	165	0	10	0	0	0	0	175	0	165	10	175	0.9428571428571428	7.33719140549318e-200	2.783484004043166e-198
rps3	89	T	0	169	0	10	1	0	0	0	179	1	169	10	179	0.9441340782122905	5.782502231892966e-205	2.1985576758497842e-203
rps3	98	T	0	174	0	13	1	0	0	0	187	1	174	13	187	0.93048128342246	7.712989763178734e-208	2.9364576366947653e-206
rps3	106	T	0	201	0	11	1	0	0	0	212	1	201	11	212	0.9481132075471698	1.3278139025405941e-244	5.098269496736919e-243
rps3	109	T	0	203	0	14	1	0	0	0	217	1	203	14	217	0.9354838709677419	1.4608923534614632e-243	5.606722814004072e-242
rps3	112	T	0	203	0	17	1	0	0	0	220	1	203	17	220	0.9227272727272727	3.2269300248139465e-240	1.2373463032451614e-238
rps3	149	T	0	275	0	51	1	0	0	0	326	1	275	51	326	0.843558282208589	1.8819301991876635e-299	7.3310513851249e-298
rps3	152	T	0	293	0	30	1	0	0	0	323	1	293	30	323	0.9071207430340558	0.0	0.0
rps3	158	T	0	290	0	35	1	0	0	0	325	1	290	35	325	0.8923076923076924	0.0	0.0
rps3	161	T	0	288	0	42	1	0	0	0	330	1	288	42	330	0.8727272727272727	6.4e-323	2.515e-321
rps3	190	T	0	320	0	87	1	0	0	0	407	1	320	87	407	0.7862407862407862	0.0	0.0
rps3	229	T	0	443	0	32	1	0	0	0	475	1	443	32	475	0.9326315789473684	0.0	0.0
rps3	269	C	0	31	0	557	0	0	0	0	588	0	557	31	588	0.9472789115646258	0.0	0.0
rps3	307	T	0	606	0	35	1	0	0	0	641	1	606	35	641	0.9453978159126365	0.0	0.0
rps3	313	C	0	25	0	625	0	0	2	0	650	2	625	25	650	0.9615384615384616	0.0	0.0
rps3	314	T	0	617	0	38	2	0	0	0	655	2	617	38	655	0.9419847328244275	0.0	0.0
rps3	323	C	0	37	0	643	0	0	1	0	680	1	643	37	680	0.9455882352941176	0.0	0.0
rps3	347	C	0	49	0	679	0	0	1	0	728	1	679	49	728	0.9326923076923077	0.0	0.0
rps3	349	T	0	610	0	118	1	0	0	0	728	1	610	118	728	0.8379120879120879	0.0	0.0
rps3	431	T	0	683	0	35	10	0	0	0	718	10	683	35	718	0.9512534818941504	0.0	0.0
rps3	433	T	0	689	0	43	10	0	0	0	732	10	689	43	732	0.9412568306010929	0.0	0.0
rps3	459	C	0	201	0	677	0	0	9	0	878	9	677	201	878	0.7710706150341685	0.0	0.0
rps3	491	C	0	164	0	697	0	0	9	0	861	9	697	164	861	0.8095238095238095	0.0	0.0
rps3	496	T	0	646	0	134	12	0	0	0	780	12	646	134	780	0.8282051282051283	0.0	0.0
rps3	509	T	0	692	0	128	12	0	0	0	820	12	692	128	820	0.8439024390243902	0.0	0.0
rps3	529	C	0	149	0	709	0	0	9	0	858	9	709	149	858	0.8263403263403264	0.0	0.0
rps3	553	C	0	117	0	725	0	0	6	0	842	6	725	117	842	0.8610451306413301	0.0	0.0
rps3	670	C	0	484	0	56	0	0	0	0	540	0	56	484	540	0.1037037037037037	3.101612375466446e-7	1.0773604723106026e-5
rps3	1130	C	0	159	0	287	0	0	6	0	446	6	287	159	446	0.6434977578475336	6.918504780261576e-253	2.662396111462188e-251
rps3	1211	C	0	155	0	386	0	0	6	0	541	6	386	155	541	0.7134935304990758	0.0	0.0
rps3	1781	T	0	671	0	140	2	0	0	0	811	2	671	140	811	0.8273736128236745	0.0	0.0
rps3	1997	T	0	848	0	53	4	0	0	0	901	4	848	53	901	0.9411764705882353	0.0	0.0
rps3	2000	T	0	860	0	36	5	0	0	0	896	5	860	36	896	0.9598214285714286	0.0	0.0
rps3	2007	T	0	824	0	63	4	0	0	0	887	4	824	63	887	0.9289740698985344	0.0	0.0
rps3	2021	T	0	728	0	115	2	0	0	0	843	2	728	115	843	0.863582443653618	0.0	0.0
rps3	2024	T	0	732	0	106	3	0	0	0	838	3	732	106	838	0.8735083532219571	0.0	0.0
rps3	2027	T	0	725	0	115	3	0	0	0	840	3	725	115	840	0.8630952380952381	0.0	0.0
rps3	2030	T	0	691	0	149	3	0	0	0	840	3	691	149	840	0.8226190476190476	0.0	0.0
rps3	2033	T	0	658	0	181	3	0	0	0	839	3	658	181	839	0.7842669845053635	0.0	0.0
rps3	2036	T	0	636	0	200	2	0	0	0	836	2	636	200	836	0.7607655502392344	0.0	0.0
rps3	2042	T	0	572	0	207	2	0	0	0	779	2	572	207	779	0.7342747111681643	0.0	0.0
rps3	2485	C	0	22	0	624	0	0	3	0	646	3	624	22	646	0.9659442724458205	0.0	0.0
rps3	2486	C	0	25	0	628	0	0	3	0	653	3	628	25	653	0.9617151607963247	0.0	0.0
rps3	2592	C	0	166	0	948	0	0	7	0	1114	7	948	166	1114	0.8509874326750448	0.0	0.0
rps3	2925	C	0	142	0	237	0	0	10	0	379	10	237	142	379	0.6253298153034301	9.927759222117431e-205	3.772945085998051e-203
rps3	2936	C	0	936	0	132	0	0	11	0	1068	11	132	936	1068	0.12359550561797752	4.6361481676850086e-21	1.645774935993754e-19
rps3	2955	T	0	651	0	500	11	0	0	0	1151	11	651	500	1151	0.5655951346655083	0.0	0.0
rps3	3066	C	0	69	0	1614	0	0	14	0	1683	14	1614	69	1683	0.9590017825311943	0.0	0.0
rps3	3087	T	0	1651	0	184	15	0	0	0	1835	15	1651	184	1835	0.8997275204359673	0.0	0.0
rps3	3109	C	0	174	0	1506	0	0	13	0	1680	13	1506	174	1680	0.8964285714285715	0.0	0.0
rps3	3121	C	0	68	0	1763	0	0	20	0	1831	20	1763	68	1831	0.9628618241398144	0.0	0.0
rps3	3133	C	0	71	0	1684	0	0	22	0	1755	22	1684	71	1755	0.9595441595441595	0.0	0.0
rps3	3136	C	0	91	0	1679	0	0	22	0	1770	22	1679	91	1770	0.9485875706214689	0.0	0.0
rps3	3138	C	0	315	0	1449	0	0	24	0	1764	24	1449	315	1764	0.8214285714285714	0.0	0.0
rps3	3264	C	0	124	0	2255	0	0	18	0	2379	18	2255	124	2379	0.9478772593526692	0.0	0.0
rps3	3297	C	0	62	0	2425	0	0	14	0	2487	14	2425	62	2487	0.975070365902694	0.0	0.0
rps3	3315	T	0	2482	0	99	16	0	0	0	2581	16	2482	99	2581	0.9616427741185587	0.0	0.0
rps3	3318	C	0	69	0	2576	0	0	19	0	2645	19	2576	69	2645	0.9739130434782609	0.0	0.0
rps3	3349	C	0	78	0	2731	0	0	13	0	2809	13	2731	78	2809	0.9722321110715557	0.0	0.0
rps3	3360	C	0	157	0	2664	0	0	12	0	2821	12	2664	157	2821	0.9443459766040411	0.0	0.0
rps3	3387	T	0	2643	0	282	11	0	0	0	2925	11	2643	282	2925	0.9035897435897436	0.0	0.0
rps3	3394	C	0	158	0	2799	0	0	11	0	2957	11	2799	158	2957	0.9465674670273926	0.0	0.0
rps3	3396	C	0	180	0	2743	0	0	11	0	2923	11	2743	180	2923	0.9384194320903182	0.0	0.0
rps3	3403	T	0	2673	0	284	11	0	0	0	2957	11	2673	284	2957	0.9039567128846804	0.0	0.0
rps3	3411	T	0	2505	0	371	13	0	0	0	2876	13	2505	371	2876	0.8710013908205841	0.0	0.0
rps3	3435	C	0	319	0	2383	0	0	9	0	2702	9	2383	319	2702	0.8819393042190969	0.0	0.0
rps3	3444	C	0	64	0	2589	0	0	13	0	2653	13	2589	64	2653	0.9758763663776856	0.0	0.0
rps3	3450	C	0	67	0	2546	0	0	13	0	2613	13	2546	67	2613	0.9743589743589743	0.0	0.0
rps3	3483	T	0	2432	0	100	14	0	0	0	2532	14	2432	100	2532	0.9605055292259084	0.0	0.0
rps3	3493	C	0	133	0	2229	0	0	13	0	2362	13	2229	133	2362	0.9436917866215072	0.0	0.0
rps3	3519	C	0	131	0	1955	0	0	16	0	2086	16	1955	131	2086	0.9372003835091084	0.0	0.0
rps3	3520	C	0	133	0	1946	0	0	16	0	2079	16	1946	133	2079	0.936026936026936	0.0	0.0
rps3	3549	C	0	83	0	1856	0	0	15	0	1939	15	1856	83	1939	0.9571944301186178	0.0	0.0
rps3	3552	T	0	1827	0	128	15	0	0	0	1955	15	1827	128	1955	0.9345268542199489	0.0	0.0
rps3	3562	T	0	1640	0	322	14	0	0	0	1962	14	1640	322	1962	0.835881753312946	0.0	0.0
rps3	3565	C	0	132	0	1874	0	0	12	0	2006	12	1874	132	2006	0.93419740777667	0.0	0.0
rps3	3573	T	0	1858	0	197	14	0	0	0	2055	14	1858	197	2055	0.9041362530413626	0.0	0.0
rps3	3583	C	0	90	0	1968	0	0	13	0	2058	13	1968	90	2058	0.956268221574344	0.0	0.0
rps3	3592	C	0	97	0	1628	0	0	15	0	1725	15	1628	97	1725	0.943768115942029	0.0	0.0
rps3	3615	T	0	1782	0	117	11	0	0	0	1899	11	1782	117	1899	0.9383886255924171	0.0	0.0
rps3	3636	T	0	1843	0	70	12	0	0	0	1913	12	1843	70	1913	0.96340825927862	0.0	0.0
rps3	3639	T	0	1810	0	195	12	0	0	0	2005	12	1810	195	2005	0.9027431421446384	0.0	0.0
rps3	3672	T	0	2161	0	97	11	0	0	0	2258	11	2161	97	2258	0.9570416297608503	0.0	0.0
rps3	3681	C	0	126	0	2223	0	0	11	0	2349	11	2223	126	2349	0.946360153256705	0.0	0.0
rps3	3684	C	0	113	0	2213	0	0	11	0	2326	11	2213	113	2326	0.9514187446259673	0.0	0.0
rps3	3690	T	0	2086	0	262	10	0	0	0	2348	10	2086	262	2348	0.8884156729131175	0.0	0.0
rps3	3694	C	0	182	0	2255	0	0	11	0	2437	11	2255	182	2437	0.9253180139515799	0.0	0.0
rps3	3742	T	0	2508	0	68	11	0	0	0	2576	11	2508	68	2576	0.9736024844720497	0.0	0.0
rps3	3757	C	0	97	0	2487	0	0	8	0	2584	8	2487	97	2584	0.9624613003095975	0.0	0.0
rps3	3790	T	0	2675	0	214	5	0	0	0	2889	5	2675	214	2889	0.9259259259259259	0.0	0.0
rps3	3811	C	0	162	0	3401	0	0	4	0	3563	4	3401	162	3563	0.9545326971653101	0.0	0.0
rps3	3832	T	0	3350	0	211	2	0	0	0	3561	2	3350	211	3561	0.9407469811850604	0.0	0.0
rps3	3867	C	0	381	0	3506	0	0	2	0	3887	2	3506	381	3887	0.901980962181631	0.0	0.0
rps3	3887	T	0	3904	0	142	0	0	0	0	4046	0	3904	142	4046	0.9649036085022245	0.0	0.0
rps3	3904	T	0	3832	0	159	0	0	0	0	3991	0	3832	159	3991	0.9601603608118267	0.0	0.0
rps3	3913	T	0	3743	0	389	0	0	0	0	4132	0	3743	389	4132	0.9058567279767668	0.0	0.0
rps3	3952	T	0	3732	0	122	2	0	0	0	3854	2	3732	122	3854	0.9683445770627919	0.0	0.0
rps3	4004	T	0	3528	0	160	2	0	0	0	3688	2	3528	160	3688	0.9566160520607375	0.0	0.0
rps3	4009	T	0	3532	0	194	2	0	0	0	3726	2	3532	194	3726	0.9479334406870639	0.0	0.0
rps3	4014	C	0	3368	0	392	0	0	2	0	3760	2	392	3368	3760	0.10425531914893617	3.2066954321914125e-41	1.158999083961694e-39
rps3	4037	C	0	76	0	3648	0	0	2	0	3724	2	3648	76	3724	0.9795918367346939	0.0	0.0
rps3	4051	T	0	3073	0	378	0	0	0	0	3451	0	3073	378	3451	0.8904665314401623	0.0	0.0
rps3	4083	C	0	1459	0	1616	0	0	0	0	3075	0	1616	1459	3075	0.5255284552845528	0.0	0.0
rps3	4177	T	0	1253	0	114	0	0	0	0	1367	0	1253	114	1367	0.916605705925384	0.0	0.0
rps3	4184	C	0	57	0	1270	0	0	0	0	1327	0	1270	57	1327	0.9570459683496609	0.0	0.0
rps3	4187	C	0	30	0	1286	0	0	0	0	1316	0	1286	30	1316	0.9772036474164134	0.0	0.0
rps3	4188	C	0	67	0	1255	0	0	0	0	1322	0	1255	67	1322	0.9493192133131618	0.0	0.0
rps3	4193	C	0	43	0	1230	0	0	0	0	1273	0	1230	43	1273	0.9662215239591516	0.0	0.0
rps3	4211	T	0	271	0	19	0	0	0	0	290	0	271	19	290	0.9344827586206896	5.0e-324	1.93e-322
rps3	4217	T	0	237	0	42	0	0	0	0	279	0	237	42	279	0.8494623655913979	7.584153671383649e-260	2.922493203442314e-258
rps3	4219	T	0	258	0	18	0	0	0	0	276	0	258	18	276	0.9347826086956522	6.59012262850068e-309	2.5718599353697066e-307
rps4	260	C	0	526	0	5215	0	0	64	0	5741	64	5215	526	5741	0.9083783313011671	0.0	0.0
rps4	268	C	0	305	0	5897	0	0	67	0	6202	67	5897	305	6202	0.9508223153821348	0.0	0.0
rps4	274	T	0	4594	0	1685	63	0	0	0	6279	63	4594	1685	6279	0.7316451664277751	0.0	0.0
rps4	331	C	0	382	0	8420	0	0	68	0	8802	68	8420	382	8802	0.9566007725516928	0.0	0.0
rps4	355	T	0	8876	0	773	67	0	0	0	9649	67	8876	773	9649	0.9198880713027257	0.0	0.0
rps4	406	C	0	9503	0	1042	0	0	61	0	10545	61	1042	9503	10545	0.09881460407776198	6.752685342822427e-93	2.487888025423772e-91
rps4	472	T	0	7187	0	1127	54	0	0	0	8314	54	7187	1127	8314	0.8644455135915323	0.0	0.0
rps4	500	C	0	311	0	8050	0	0	54	0	8361	54	8050	311	8361	0.9628034924052147	0.0	0.0
rps4	511	T	0	6597	0	1134	46	0	0	0	7731	46	6597	1134	7731	0.8533178114086146	0.0	0.0
rps4	518	C	0	1815	0	5921	0	0	42	0	7736	42	5921	1815	7736	0.765382626680455	0.0	0.0
rps4	527	C	0	1127	0	5944	0	0	43	0	7071	43	5944	1127	7071	0.840616603026446	0.0	0.0
rps4	556	T	0	5365	0	1534	39	0	0	0	6899	39	5365	1534	6899	0.777648934628207	0.0	0.0
rps4	640	C	0	4424	0	334	0	0	23	0	4758	23	334	4424	4758	0.0701975620008407	8.649926080801236e-10	3.022990289046711e-8
rps4	641	C	0	387	0	4391	0	0	21	0	4778	21	4391	387	4778	0.9190037672666388	0.0	0.0
rps4	646	T	0	4310	0	365	25	0	0	0	4675	25	4310	365	4675	0.9219251336898395	0.0	0.0
rps4	652	C	0	946	0	3811	0	0	24	0	4757	24	3811	946	4757	0.8011351692243011	0.0	0.0
rps4	682	T	0	3969	0	502	19	0	0	0	4471	19	3969	502	4471	0.8877208678148065	0.0	0.0
rps4	686	C	0	545	0	3987	0	0	20	0	4532	20	3987	545	4532	0.8797440423654016	0.0	0.0
rps4	710	C	0	339	0	4348	0	0	21	0	4687	21	4348	339	4687	0.927672285043738	0.0	0.0
rps4	711	C	0	4289	0	417	0	0	24	0	4706	24	417	4289	4706	0.08861028474288143	2.003606575364001e-28	7.187046744968239e-27
rps4	715	C	0	424	0	4265	0	0	22	0	4689	22	4265	424	4689	0.909575602473875	0.0	0.0
rps4	717	C	0	4067	0	634	0	0	24	0	4701	24	634	4067	4701	0.13486492235694533	3.0353973095140633e-110	1.1270590799328823e-108
rps4	734	T	0	4199	0	471	24	0	0	0	4670	24	4199	471	4670	0.8991434689507495	0.0	0.0
rps4	735	C	0	3789	0	875	0	0	24	0	4664	24	875	3789	4664	0.1876072041166381	1.9216300680900458e-247	7.38490715081122e-246
rps4	740	C	0	454	0	4166	0	0	24	0	4620	24	4166	454	4620	0.9017316017316017	0.0	0.0
rps4	741	C	0	457	0	4176	0	0	22	0	4633	22	4176	457	4633	0.9013598100582776	0.0	0.0
rps4	748	C	0	398	0	4024	0	0	24	0	4422	24	4024	398	4422	0.9099954771596562	0.0	0.0
rps4	764	C	0	525	0	3797	0	0	22	0	4322	22	3797	525	4322	0.8785284590467376	0.0	0.0
rps4	766	C	0	706	0	3535	0	0	22	0	4241	22	3535	706	4241	0.8335298278707852	0.0	0.0
rps4	768	C	0	2833	0	1442	0	0	21	0	4275	21	1442	2833	4275	0.33730994152046784	0.0	0.0
rps4	784	T	0	2916	0	1027	25	0	0	0	3943	25	2916	1027	3943	0.7395384225209232	0.0	0.0
rps4	811	T	0	2728	0	606	28	0	0	0	3334	28	2728	606	3334	0.8182363527294542	0.0	0.0
rps4	832	T	0	2390	0	247	24	0	0	0	2637	24	2390	247	2637	0.9063329541145241	0.0	0.0
rps4	853	T	0	2179	0	273	22	0	0	0	2452	22	2179	273	2452	0.8886623164763459	0.0	0.0
rps4	862	T	0	2233	0	336	21	0	0	0	2569	21	2233	336	2569	0.8692098092643051	0.0	0.0
rps4	871	T	0	2417	0	329	20	0	0	0	2746	20	2417	329	2746	0.880189366351056	0.0	0.0
rps4	881	C	0	192	0	2732	0	0	24	0	2924	24	2732	192	2924	0.9343365253077975	0.0	0.0
rps4	893	C	0	290	0	2314	0	0	24	0	2604	24	2314	290	2604	0.8886328725038403	0.0	0.0
rps4	894	C	0	2347	0	256	0	0	24	0	2603	24	256	2347	2603	0.09834805993084902	5.386822732525561e-24	1.9202161649751709e-22
rps4	899	T	0	2117	0	456	24	0	0	0	2573	24	2117	456	2573	0.8227749708511465	0.0	0.0
rps4	932	C	0	236	0	2489	0	0	19	0	2725	19	2489	236	2725	0.913394495412844	0.0	0.0
rps4	976	T	0	3029	0	590	22	0	0	0	3619	22	3029	590	3619	0.8369715390991986	0.0	0.0
rps4	1033	C	0	2281	0	1916	0	0	21	0	4197	21	1916	2281	4197	0.4565165594472242	0.0	0.0
rps4	1055	C	0	640	0	4185	0	0	21	0	4825	21	4185	640	4825	0.8673575129533678	0.0	0.0
rps4	1072	C	0	374	0	4980	0	0	25	0	5354	25	4980	374	5354	0.9301456854688084	0.0	0.0
rps4	1102	T	0	4779	0	704	21	0	0	0	5483	21	4779	704	5483	0.8716031369688126	0.0	0.0
rps4	1138	C	0	559	0	5253	0	0	11	0	5812	11	5253	559	5812	0.903819683413627	0.0	0.0
rps4	1208	C	0	3802	0	1207	0	0	16	0	5009	16	1207	3802	5009	0.24096626073068478	0.0	0.0
rps7	35	T	0	132	0	1569	16	0	0	0	1701	16	132	1569	1701	0.07760141093474426	7.291062507813516e-7	2.5315597936192893e-5
rps7	117	T	0	5056	0	743	67	0	0	0	5799	67	5056	743	5799	0.8718744611139851	0.0	0.0
rps7	124	C	0	186	0	5819	0	0	71	0	6005	71	5819	186	6005	0.9690258118234805	0.0	0.0
rps7	142	C	0	1278	0	5303	0	0	78	0	6581	78	5303	1278	6581	0.8058045889682419	0.0	0.0
rps7	143	C	0	4346	0	2265	0	0	76	0	6611	76	2265	4346	6611	0.34261080018151563	0.0	0.0
rps7	149	C	0	6402	0	626	0	0	79	0	7028	79	626	6402	7028	0.08907228229937393	2.2052319023953103e-42	7.977125947562048e-41
rps7	164	C	0	6801	0	476	0	0	80	0	7277	80	476	6801	7277	0.06541157070221246	4.348553856610272e-9	1.517262538160315e-7
rps7	204	C	0	176	0	6883	0	0	80	0	7059	80	6883	176	7059	0.975067289984417	0.0	0.0
rps7	227	C	0	6234	0	1455	0	0	70	0	7689	70	1455	6234	7689	0.18923136948888022	0.0	0.0
rps7	250	T	0	7439	0	251	73	0	0	0	7690	73	7439	251	7690	0.9673602080624187	0.0	0.0
rps7	273	T	0	6825	0	317	68	0	0	0	7142	68	6825	317	7142	0.9556146737608513	0.0	0.0
rps7	288	T	0	6623	0	306	63	0	0	0	6929	63	6623	306	6929	0.9558377832299033	0.0	0.0
rps7	294	C	0	338	0	6730	0	0	64	0	7068	64	6730	338	7068	0.9521788341822298	0.0	0.0
rps7	318	T	0	6208	0	644	54	0	0	0	6852	54	6208	644	6852	0.9060128429655575	0.0	0.0
rps7	354	T	0	6080	0	354	54	0	0	0	6434	54	6080	354	6434	0.944979794839913	0.0	0.0
rps7	361	C	0	259	0	6399	0	0	53	0	6658	53	6399	259	6658	0.9610994292580355	0.0	0.0
rps7	376	C	0	305	0	6307	0	0	58	0	6612	58	6307	305	6612	0.9538717483363581	0.0	0.0
rps7	433	C	0	252	0	4519	0	0	52	0	4771	52	4519	252	4771	0.9471808845105848	0.0	0.0
rps7	455	C	0	3658	0	462	0	0	46	0	4120	46	462	3658	4120	0.11213592233009709	8.527698980656521e-57	3.100497536393857e-55
rps7	471	C	0	121	0	3104	0	0	46	0	3225	46	3104	121	3225	0.9624806201550388	0.0	0.0
rps7	488	C	0	2568	0	257	0	0	39	0	2825	39	257	2568	2825	0.09097345132743363	1.2601751449888862e-19	4.469758758880837e-18
rps7	490	T	0	209	0	2269	31	0	0	0	2478	31	209	2269	2478	0.08434221146085553	4.413938591068262e-13	1.555286683057769e-11
rps7	540	T	0	17	0	52	2	0	0	0	69	2	17	52	69	0.2463768115942029	3.718690668567782e-8	1.2948574669165483e-6
rps10	70	C	0	2287	0	250	0	0	135	0	2537	135	250	2287	2537	0.09854158454867955	1.3710462960327234e-23	4.885272451319595e-22
rps10	75	C	0	481	0	2160	0	0	142	0	2641	142	2160	481	2641	0.8178720181749337	0.0	0.0
rps10	82	C	0	2161	0	548	0	0	155	0	2709	155	548	2161	2709	0.20228866740494647	5.205365433562228e-171	1.9599780321807326e-169
rps10	104	C	0	664	0	2245	0	0	172	0	2909	172	2245	664	2909	0.7717428669645926	0.0	0.0
rps10	107	C	0	356	0	2559	0	0	195	0	2915	195	2559	356	2915	0.8778730703259006	0.0	0.0
rps10	117	C	0	296	0	2697	0	0	212	0	2993	212	2697	296	2993	0.9011025726695623	0.0	0.0
rps10	146	T	0	2702	0	367	271	0	0	0	3069	271	2702	367	3069	0.8804170739654611	0.0	0.0
rps10	167	T	0	2154	0	772	281	0	0	0	2926	281	2154	772	2926	0.7361585782638415	0.0	0.0
rps10	174	C	0	236	0	2692	0	0	280	0	2928	280	2692	236	2928	0.9193989071038251	0.0	0.0
rps10	188	T	0	1953	0	356	276	0	0	0	2309	276	1953	356	2309	0.8458207016024253	0.0	0.0
rps10	192	T	0	1915	0	379	279	0	0	0	2294	279	1915	379	2294	0.8347863993025283	0.0	0.0
rps10	195	T	0	1906	0	436	263	0	0	0	2342	263	1906	436	2342	0.8138343296327925	0.0	0.0
rps10	197	T	0	1971	0	389	254	0	0	0	2360	254	1971	389	2360	0.8351694915254237	0.0	0.0
rps10	225	C	0	292	0	2022	0	0	221	0	2314	221	2022	292	2314	0.8738115816767502	0.0	0.0
rps10	245	T	0	1883	0	401	210	0	0	0	2284	210	1883	401	2284	0.824430823117338	0.0	0.0
rps10	252	C	0	447	0	1811	0	0	208	0	2258	208	1811	447	2258	0.8020372010628876	0.0	0.0
rps10	281	T	0	1625	0	532	179	0	0	0	2157	179	1625	532	2157	0.7533611497450162	0.0	0.0
rps10	291	C	0	225	0	1927	0	0	168	0	2152	168	1927	225	2152	0.8954460966542751	0.0	0.0
rps10	296	C	0	501	0	1599	0	0	154	0	2100	154	1599	501	2100	0.7614285714285715	0.0	0.0
rps10	326	T	0	1168	0	175	74	0	0	0	1343	74	1168	175	1343	0.8696947133283693	0.0	0.0
rps10	339	C	0	199	0	1145	0	0	17	0	1344	17	1145	199	1344	0.8519345238095238	0.0	0.0
rps10	350	T	0	1091	0	227	14	0	0	0	1318	14	1091	227	1318	0.8277693474962063	0.0	0.0
rps10	372	T	0	970	0	203	14	0	0	0	1173	14	970	203	1173	0.8269394714407502	0.0	0.0
rps10	420	C	0	284	0	34	0	0	5	0	318	5	34	284	318	0.1069182389937107	3.100468385822096e-5	0.0010713131743310949
rps11	16	T	0	168	0	8	0	0	0	0	176	0	168	8	176	0.9545454545454546	3.453968027264466e-206	1.314396019548735e-204
rps11	19	T	0	173	0	15	0	0	0	0	188	0	173	15	188	0.9202127659574468	2.170007873914402e-204	8.239582447369084e-203
rps11	31	T	0	208	0	29	0	0	0	0	237	0	208	29	237	0.8776371308016878	7.733116556116795e-235	2.961237204313007e-233
rps11	45	C	0	10	0	356	0	0	0	0	366	0	356	10	366	0.9726775956284153	0.0	0.0
rps11	49	C	0	52	0	341	0	0	12	0	393	12	341	52	393	0.8676844783715013	0.0	0.0
rps11	94	T	0	897	0	38	15	0	0	0	935	15	897	38	935	0.9593582887700535	0.0	0.0
rps11	97	T	0	910	0	72	15	0	0	0	982	15	910	72	982	0.9266802443991853	0.0	0.0
rps11	103	T	0	901	0	102	15	0	0	0	1003	15	901	102	1003	0.8983050847457628	0.0	0.0
rps11	113	T	0	994	0	117	16	0	0	0	1111	16	994	117	1111	0.8946894689468947	0.0	0.0
rps11	119	T	0	1030	0	143	16	0	0	0	1173	16	1030	143	1173	0.8780903665814151	0.0	0.0
rps11	120	C	0	840	0	344	0	0	16	0	1184	16	344	840	1184	0.2905405405405405	1.196158264848806e-158	4.49007712017314e-157
rps11	146	T	0	1111	0	403	21	0	0	0	1514	21	1111	403	1514	0.7338177014531043	0.0	0.0
rps11	204	C	0	162	0	2276	0	0	27	0	2438	27	2276	162	2438	0.933552091878589	0.0	0.0
rps11	207	C	0	621	0	1865	0	0	28	0	2486	28	1865	621	2486	0.7502011263073209	0.0	0.0
rps11	255	T	0	2541	0	213	26	0	0	0	2754	26	2541	213	2754	0.9226579520697168	0.0	0.0
rps11	276	T	0	2597	0	160	24	0	0	0	2757	24	2597	160	2757	0.9419659049691694	0.0	0.0
rps11	279	T	0	2572	0	188	24	0	0	0	2760	24	2572	188	2760	0.9318840579710145	0.0	0.0
rps11	282	T	0	2576	0	220	25	0	0	0	2796	25	2576	220	2796	0.9213161659513591	0.0	0.0
rps11	285	T	0	2506	0	271	25	0	0	0	2777	25	2506	271	2777	0.9024126755491537	0.0	0.0
rps11	297	T	0	2576	0	216	29	0	0	0	2792	29	2576	216	2792	0.9226361031518625	0.0	0.0
rps11	321	T	0	2321	0	217	27	0	0	0	2538	27	2321	217	2538	0.9144996059889677	0.0	0.0
rps11	328	C	0	452	0	2137	0	0	25	0	2589	25	2137	452	2589	0.8254152182309772	0.0	0.0
rps11	355	C	0	218	0	1904	0	0	19	0	2122	19	1904	218	2122	0.8972667295004713	0.0	0.0
rps11	357	T	0	1935	0	192	20	0	0	0	2127	20	1935	192	2127	0.9097320169252469	0.0	0.0
rps11	360	C	0	241	0	1899	0	0	21	0	2140	21	1899	241	2140	0.8873831775700934	0.0	0.0
rps11	380	C	0	1260	0	908	0	0	15	0	2168	15	908	1260	2168	0.4188191881918819	0.0	0.0
rps11	385	T	0	1990	0	198	15	0	0	0	2188	15	1990	198	2188	0.9095063985374772	0.0	0.0
rps11	391	T	0	1969	0	302	12	0	0	0	2271	12	1969	302	2271	0.8670189343901366	0.0	0.0
rps11	454	T	0	2382	0	211	40	0	0	0	2593	40	2382	211	2593	0.9186270728885461	0.0	0.0
rps11	480	T	0	2024	0	257	41	0	0	0	2281	41	2024	257	2281	0.8873301183691363	0.0	0.0
rps11	504	T	0	2151	0	227	48	0	0	0	2378	48	2151	227	2378	0.9045416316232128	0.0	0.0
rps11	516	T	0	2075	0	311	54	0	0	0	2386	54	2075	311	2386	0.8696563285834031	0.0	0.0
rps11	520	C	0	243	0	2204	0	0	55	0	2447	55	2204	243	2447	0.9006947282386596	0.0	0.0
rps11	521	C	0	425	0	2013	0	0	56	0	2438	56	2013	425	2438	0.8256767842493847	0.0	0.0
rps11	565	T	0	2757	0	198	84	0	0	0	2955	84	2757	198	2955	0.932994923857868	0.0	0.0
rps11	580	C	0	184	0	2648	0	0	75	0	2832	75	2648	184	2832	0.9350282485875706	0.0	0.0
rps11	583	C	0	236	0	2580	0	0	82	0	2816	82	2580	236	2816	0.9161931818181818	0.0	0.0
rps11	592	C	0	290	0	2739	0	0	82	0	3029	82	2739	290	3029	0.9042588312974579	0.0	0.0
rps11	607	C	0	291	0	2858	0	0	83	0	3149	83	2858	291	3149	0.9075897110193712	0.0	0.0
rps11	613	C	0	531	0	2812	0	0	84	0	3343	84	2812	531	3343	0.8411606341609333	0.0	0.0
rps11	616	T	0	3152	0	225	83	0	0	0	3377	83	3152	225	3377	0.9333728161089725	0.0	0.0
rps11	634	T	0	3089	0	269	74	0	0	0	3358	74	3089	269	3358	0.9198927933293627	0.0	0.0
rps11	643	T	0	3012	0	354	69	0	0	0	3366	69	3012	354	3366	0.8948306595365418	0.0	0.0
rps11	657	T	0	2739	0	399	62	0	0	0	3138	62	2739	399	3138	0.872848948374761	0.0	0.0
rps11	713	C	0	1167	0	1025	0	0	44	0	2192	44	1025	1167	2192	0.4676094890510949	0.0	0.0
rps12	142	C	0	204	0	1413	0	0	28	0	1617	28	1413	204	1617	0.8738404452690167	0.0	0.0
rps12	156	T	0	1634	0	154	29	0	0	0	1788	29	1634	154	1788	0.9138702460850112	0.0	0.0
rps12	198	T	0	2230	0	97	26	0	0	0	2327	26	2230	97	2327	0.9583154275891707	0.0	0.0
rps12	204	T	0	2190	0	200	23	0	0	0	2390	23	2190	200	2390	0.9163179916317992	0.0	0.0
rps12	211	C	0	147	0	2172	0	0	21	0	2319	21	2172	147	2319	0.9366106080206986	0.0	0.0
rps12	216	T	0	2270	0	116	22	0	0	0	2386	22	2270	116	2386	0.9513830678960603	0.0	0.0
rps12	223	T	0	2181	0	359	21	0	0	0	2540	21	2181	359	2540	0.8586614173228346	0.0	0.0
rps12	225	T	0	1980	0	556	21	0	0	0	2536	21	1980	556	2536	0.7807570977917981	0.0	0.0
rps12	240	C	0	170	0	2398	0	0	24	0	2568	24	2398	170	2568	0.9338006230529595	0.0	0.0
rps12	244	C	0	81	0	2494	0	0	24	0	2575	24	2494	81	2575	0.9685436893203884	0.0	0.0
rps12	265	T	0	2384	0	193	29	0	0	0	2577	29	2384	193	2577	0.9251067132324409	0.0	0.0
rps12	279	C	0	134	0	2434	0	0	34	0	2568	34	2434	134	2568	0.9478193146417445	0.0	0.0
rps12	280	T	0	2467	0	170	31	0	0	0	2637	31	2467	170	2637	0.9355328024270004	0.0	0.0
rps12	288	T	0	2474	0	225	30	0	0	0	2699	30	2474	225	2699	0.9166357910337162	0.0	0.0
rps12	304	C	0	306	0	2519	0	0	34	0	2825	34	2519	306	2825	0.8916814159292036	0.0	0.0
rps12	310	C	0	176	0	2669	0	0	32	0	2845	32	2669	176	2845	0.9381370826010544	0.0	0.0
rps12	318	T	0	2363	0	471	34	0	0	0	2834	34	2363	471	2834	0.833803810868031	0.0	0.0
rps12	329	C	0	170	0	2638	0	0	29	0	2808	29	2638	170	2808	0.9394586894586895	0.0	0.0
rps12	336	C	0	290	0	2624	0	0	38	0	2914	38	2624	290	2914	0.9004804392587509	0.0	0.0
rps12	341	C	0	248	0	2655	0	0	33	0	2903	33	2655	248	2903	0.9145711333103685	0.0	0.0
rps12	342	T	0	2508	0	387	32	0	0	0	2895	32	2508	387	2895	0.8663212435233161	0.0	0.0
rps12	343	T	0	2499	0	410	32	0	0	0	2909	32	2499	410	2909	0.8590580955654864	0.0	0.0
rps12	354	T	0	2519	0	281	39	0	0	0	2800	39	2519	281	2800	0.8996428571428572	0.0	0.0
rps12	361	C	0	227	0	2710	0	0	39	0	2937	39	2710	227	2937	0.9227102485529451	0.0	0.0
rps12	363	T	0	2404	0	533	39	0	0	0	2937	39	2404	533	2937	0.818522301668369	0.0	0.0
rps12	372	C	0	65	0	2652	0	0	42	0	2717	42	2652	65	2717	0.9760765550239234	0.0	0.0
rps12	382	C	0	211	0	2514	0	0	50	0	2725	50	2514	211	2725	0.9225688073394496	0.0	0.0
rps12	385	C	0	133	0	2783	0	0	52	0	2916	52	2783	133	2916	0.9543895747599451	0.0	0.0
rps12	409	C	0	237	0	2788	0	0	49	0	3025	49	2788	237	3025	0.9216528925619835	0.0	0.0
rps12	411	T	0	2912	0	132	50	0	0	0	3044	50	2912	132	3044	0.9566360052562418	0.0	0.0
rps12	412	T	0	2952	0	92	50	0	0	0	3044	50	2952	92	3044	0.9697766097240473	0.0	0.0
rps12	429	C	0	293	0	2786	0	0	51	0	3079	51	2786	293	3079	0.9048392335173757	0.0	0.0
rps12	451	C	0	69	0	3131	0	0	59	0	3200	59	3131	69	3200	0.9784375	0.0	0.0
rps12	453	T	0	3078	0	103	59	0	0	0	3181	59	3078	103	3181	0.9676202452059101	0.0	0.0
rps12	468	T	0	3185	0	155	62	0	0	0	3340	62	3185	155	3340	0.9535928143712575	0.0	0.0
rps12	474	T	0	3242	0	167	58	0	0	0	3409	58	3242	167	3409	0.9510120269873863	0.0	0.0
rps12	483	C	0	259	0	2928	0	0	60	0	3187	60	2928	259	3187	0.918732350172576	0.0	0.0
rps12	484	T	0	3044	0	149	59	0	0	0	3193	59	3044	149	3193	0.9533354212339492	0.0	0.0
rps12	489	C	0	253	0	2967	0	0	59	0	3220	59	2967	253	3220	0.9214285714285714	0.0	0.0
rps12	519	C	0	141	0	2831	0	0	58	0	2972	58	2831	141	2972	0.952557200538358	0.0	0.0
rps12	537	C	0	310	0	2590	0	0	58	0	2900	58	2590	310	2900	0.8931034482758621	0.0	0.0
rps12	550	C	0	1095	0	1582	0	0	54	0	2677	54	1582	1095	2677	0.5909600298841987	0.0	0.0
rps12	605	T	0	1699	0	73	23	0	0	0	1772	23	1699	73	1772	0.958803611738149	0.0	0.0
rps13	24	T	0	419	0	72	3	0	0	0	491	3	419	72	491	0.8533604887983707	0.0	0.0
rps13	63	C	0	104	0	1599	0	0	13	0	1703	13	1599	104	1703	0.9389312977099237	0.0	0.0
rps13	70	C	0	85	0	1738	0	0	27	0	1823	27	1738	85	1823	0.9533735600658255	0.0	0.0
rps13	82	C	0	71	0	2262	0	0	38	0	2333	38	2262	71	2333	0.9695670810115731	0.0	0.0
rps13	94	C	0	162	0	2628	0	0	39	0	2790	39	2628	162	2790	0.9419354838709677	0.0	0.0
rps13	108	T	0	3114	0	100	44	0	0	0	3214	44	3114	100	3214	0.9688861232109521	0.0	0.0
rps13	113	C	0	3271	0	323	0	0	43	0	3594	43	323	3271	3594	0.08987200890372844	2.240261080884729e-23	7.979112917162777e-22
rps13	124	C	0	236	0	3553	0	0	54	0	3789	54	3553	236	3789	0.9377144365267881	0.0	0.0
rps13	128	C	0	308	0	3588	0	0	58	0	3896	58	3588	308	3896	0.9209445585215605	0.0	0.0
rps13	129	T	0	3424	0	490	57	0	0	0	3914	57	3424	490	3914	0.8748083801737353	0.0	0.0
rps13	142	C	0	347	0	3824	0	0	60	0	4171	60	3824	347	4171	0.9168065212179334	0.0	0.0
rps13	174	T	0	3997	0	542	63	0	0	0	4539	63	3997	542	4539	0.88059043842256	0.0	0.0
rps13	178	C	0	523	0	4073	0	0	62	0	4596	62	4073	523	4596	0.8862053959965187	0.0	0.0
rps13	184	C	0	251	0	4311	0	0	65	0	4562	65	4311	251	4562	0.9449802718106094	0.0	0.0
rps13	196	C	0	859	0	3661	0	0	67	0	4520	67	3661	859	4520	0.8099557522123894	0.0	0.0
rps13	211	C	0	273	0	4430	0	0	62	0	4703	62	4430	273	4703	0.9419519455666596	0.0	0.0
rps13	222	T	0	4172	0	208	65	0	0	0	4380	65	4172	208	4380	0.9525114155251142	0.0	0.0
rps13	252	T	0	2839	0	276	69	0	0	0	3115	69	2839	276	3115	0.9113964686998395	0.0	0.0
rps13	264	C	0	2605	0	590	0	0	62	0	3195	62	590	2605	3195	0.18466353677621283	3.4608661468724547e-164	1.3008329328079902e-162
rps13	294	T	0	2297	0	158	45	0	0	0	2455	45	2297	158	2455	0.9356415478615071	0.0	0.0
rps13	297	T	0	2280	0	188	42	0	0	0	2468	42	2280	188	2468	0.9238249594813615	0.0	0.0
rps13	305	C	0	2290	0	161	0	0	42	0	2451	42	161	2290	2451	0.065687474500204	0.0003655149896725029	0.012573921237737531
rps13	309	T	0	2228	0	207	42	0	0	0	2435	42	2228	207	2435	0.9149897330595482	0.0	0.0
rps13	323	C	0	42	0	2389	0	0	39	0	2431	39	2389	42	2431	0.9827231591937474	0.0	0.0
rps13	327	C	0	276	0	2127	0	0	42	0	2403	42	2127	276	2403	0.885143570536829	0.0	0.0
rps13	372	T	0	1953	0	70	28	0	0	0	2023	28	1953	70	2023	0.9653979238754326	0.0	0.0
rps13	375	T	0	1938	0	104	28	0	0	0	2042	28	1938	104	2042	0.9490695396669931	0.0	0.0
rps13	381	T	0	1801	0	159	24	0	0	0	1960	24	1801	159	1960	0.9188775510204081	0.0	0.0
rps13	391	T	0	1640	0	128	24	0	0	0	1768	24	1640	128	1768	0.9276018099547512	0.0	0.0
rps13	397	T	0	1634	0	175	21	0	0	0	1809	21	1634	175	1809	0.9032614704256495	0.0	0.0
rps13	398	C	0	1338	0	465	0	0	21	0	1803	21	465	1338	1803	0.2579034941763727	4.1172760587253206e-190	1.557814971172064e-188
rps13	424	T	0	1122	0	385	11	0	0	0	1507	11	1122	385	1507	0.7445255474452555	0.0	0.0
rps13	482	C	0	47	0	938	0	0	8	0	985	8	938	47	985	0.9522842639593908	0.0	0.0
rps13	485	C	0	193	0	776	0	0	9	0	969	9	776	193	969	0.8008255933952528	0.0	0.0
rps13	533	T	0	376	0	31	3	0	0	0	407	3	376	31	407	0.9238329238329238	0.0	0.0
rps13	554	T	0	99	0	9	0	0	0	0	108	0	99	9	108	0.9166666666666666	3.907828941448307e-117	1.454150532175699e-115
rps13	557	T	0	95	0	12	0	0	0	0	107	0	95	12	107	0.8878504672897196	3.4035871572046236e-109	1.2632221203352037e-107
rps13	560	T	0	93	0	13	0	0	0	0	106	0	93	13	106	0.8773584905660378	8.309035699839811e-106	3.07718236906308e-104
rps13	563	T	0	88	0	15	0	0	0	0	103	0	88	15	103	0.8543689320388349	6.166530990563847e-98	2.2778122649052985e-96
rps14	262	C	0	493	0	4533	0	0	1	0	5026	1	4533	493	5026	0.9019100676482292	0.0	0.0
rps14	265	C	0	498	0	4673	0	0	1	0	5171	1	4673	498	5171	0.9036936762715142	0.0	0.0
rps14	336	T	0	6465	0	624	5	0	0	0	7089	5	6465	624	7089	0.9119763013118917	0.0	0.0
rps14	353	T	0	5710	0	1411	5	0	0	0	7121	5	5710	1411	7121	0.8018536722370454	0.0	0.0
rps14	358	C	0	2007	0	5036	0	0	5	0	7043	5	5036	2007	7043	0.7150362061621468	0.0	0.0
rps14	399	T	0	4076	0	1042	5	0	0	0	5118	5	4076	1042	5118	0.7964048456428292	0.0	0.0
rps14	405	T	0	3731	0	1254	5	0	0	0	4985	5	3731	1254	4985	0.7484453360080241	0.0	0.0
rps14	412	C	0	818	0	4192	0	0	5	0	5010	5	4192	818	5010	0.8367265469061876	0.0	0.0
rps14	414	T	0	3298	0	1784	6	0	0	0	5082	6	3298	1784	5082	0.6489571035025581	0.0	0.0
rps14	421	C	0	648	0	4358	0	0	6	0	5006	6	4358	648	5006	0.8705553335996804	0.0	0.0
rps14	444	T	0	2049	0	1949	6	0	0	0	3998	6	2049	1949	3998	0.5125062531265633	0.0	0.0
rps14	451	C	0	836	0	2938	0	0	6	0	3774	6	2938	836	3774	0.7784843667196608	0.0	0.0
rps14	468	T	0	1755	0	2002	7	0	0	0	3757	7	1755	2002	3757	0.4671280276816609	0.0	0.0
rps14	2262	C	0	817	0	2088	0	0	11	0	2905	11	2088	817	2905	0.7187607573149741	0.0	0.0
rps14	2271	C	0	1705	0	1485	0	0	8	0	3190	8	1485	1705	3190	0.46551724137931033	0.0	0.0
rps14	2277	C	0	857	0	2172	0	0	9	0	3029	9	2172	857	3029	0.717068339385936	0.0	0.0
rps14	2282	T	0	1582	0	1367	9	0	0	0	2949	9	1582	1367	2949	0.536453034927094	0.0	0.0
rps14	2283	T	0	1467	0	1478	9	0	0	0	2945	9	1467	1478	2945	0.49813242784380307	0.0	0.0
rps14	2294	C	0	493	0	2934	0	0	9	0	3427	9	2934	493	3427	0.856142398599358	0.0	0.0
rps14	2295	T	0	2006	0	1429	9	0	0	0	3435	9	2006	1429	3435	0.5839883551673944	0.0	0.0
rps14	2297	C	0	527	0	2983	0	0	9	0	3510	9	2983	527	3510	0.8498575498575499	0.0	0.0
rps14	2298	C	0	467	0	3005	0	0	9	0	3472	9	3005	467	3472	0.8654953917050692	0.0	0.0
rps14	2303	T	0	2196	0	1385	9	0	0	0	3581	9	2196	1385	3581	0.6132365261100251	0.0	0.0
rps14	2315	T	0	2733	0	1209	9	0	0	0	3942	9	2733	1209	3942	0.693302891933029	0.0	0.0
rps14	2318	C	0	1321	0	2733	0	0	9	0	4054	9	2733	1321	4054	0.6741489886531821	0.0	0.0
rps14	2325	C	0	638	0	3518	0	0	9	0	4156	9	3518	638	4156	0.8464870067372473	0.0	0.0
rps14	2328	T	0	3808	0	374	9	0	0	0	4182	9	3808	374	4182	0.9105691056910569	0.0	0.0
rps14	2337	T	0	3389	0	590	9	0	0	0	3979	9	3389	590	3979	0.8517215380748931	0.0	0.0
rps14	2343	T	0	3448	0	559	7	0	0	0	4007	7	3448	559	4007	0.8604941352632892	0.0	0.0
rps14	2348	T	0	290	0	3776	3	0	0	0	4066	3	290	3776	4066	0.07132316773241515	2.3417959201470904e-9	8.177471128497322e-8
rps14	2351	T	0	3257	0	853	4	0	0	0	4110	4	3257	853	4110	0.7924574209245742	0.0	0.0
rps14	2358	C	0	727	0	3578	0	0	7	0	4305	7	3578	727	4305	0.8311265969802555	0.0	0.0
rps14	2360	T	0	3530	0	776	7	0	0	0	4306	7	3530	776	4306	0.8197863446353925	0.0	0.0
rps14	2366	C	0	751	0	3589	0	0	5	0	4340	5	3589	751	4340	0.8269585253456221	0.0	0.0
rps14	2367	T	0	2815	0	1555	5	0	0	0	4370	5	2815	1555	4370	0.6441647597254004	0.0	0.0
rps14	2381	T	0	4023	0	659	6	0	0	0	4682	6	4023	659	4682	0.8592481845365229	0.0	0.0
rps14	2394	T	0	4136	0	580	6	0	0	0	4716	6	4136	580	4716	0.8770144189991518	0.0	0.0
rps14	2432	C	0	304	0	4239	0	0	7	0	4543	7	4239	304	4543	0.9330838652872551	0.0	0.0
rps14	2440	C	0	3761	0	564	0	0	8	0	4325	8	564	3761	4325	0.13040462427745664	1.2101944193456758e-92	4.456794699683217e-91
rps19	332	C	0	56	0	379	0	0	0	0	435	0	379	56	435	0.871264367816092	0.0	0.0
rps19	626	T	0	45	0	222	1	0	0	0	267	1	45	222	267	0.16853932584269662	1.10012651229838e-12	3.868424327003047e-11
rps19	629	T	0	66	0	216	1	0	0	0	282	1	66	216	282	0.23404255319148937	6.13077121719951e-26	2.1899667247821175e-24
rps19	651	C	0	39	0	283	0	0	1	0	322	1	283	39	322	0.8788819875776398	2.49953e-319	9.781403e-318
rps19	707	T	0	365	0	134	1	0	0	0	499	1	365	134	499	0.7314629258517034	0.0	0.0
rps19	746	T	0	419	0	169	1	0	0	0	588	1	419	169	588	0.7125850340136054	0.0	0.0
rps19	827	T	0	502	0	85	0	0	0	0	587	0	502	85	587	0.8551959114139693	0.0	0.0
rps19	842	C	0	85	0	457	0	0	0	0	542	0	457	85	542	0.8431734317343174	0.0	0.0
rps19	852	C	0	73	0	463	0	0	0	0	536	0	463	73	536	0.8638059701492538	0.0	0.0
rps19	888	C	0	66	0	455	0	0	0	0	521	0	455	66	521	0.8733205374280231	0.0	0.0
rps19	889	C	0	63	0	455	0	0	0	0	518	0	455	63	518	0.8783783783783784	0.0	0.0
rps19	905	T	0	410	0	73	0	0	0	0	483	0	410	73	483	0.8488612836438924	0.0	0.0
rps19	918	C	0	61	0	397	0	0	1	0	458	1	397	61	458	0.8668122270742358	0.0	0.0
rps19	923	T	0	392	0	75	1	0	0	0	467	1	392	75	467	0.8394004282655246	0.0	0.0
rps19	948	C	0	53	0	416	0	0	1	0	469	1	416	53	469	0.8869936034115139	0.0	0.0
rps19	968	T	0	460	0	32	1	0	0	0	492	1	460	32	492	0.9349593495934959	0.0	0.0
rps19	978	C	0	37	0	494	0	0	1	0	531	1	494	37	531	0.9303201506591338	0.0	0.0
rps19	984	C	0	47	0	461	0	0	2	0	508	2	461	47	508	0.90748031496063	0.0	0.0
rps19	987	T	0	465	0	53	2	0	0	0	518	2	465	53	518	0.8976833976833977	0.0	0.0
rps19	990	T	0	475	0	65	2	0	0	0	540	2	475	65	540	0.8796296296296297	0.0	0.0
rps19	1004	C	0	71	0	408	0	0	2	0	479	2	408	71	479	0.8517745302713987	0.0	0.0
rps19	1014	T	0	432	0	71	2	0	0	0	503	2	432	71	503	0.8588469184890656	0.0	0.0
rps19	1016	T	0	437	0	79	2	0	0	0	516	2	437	79	516	0.8468992248062015	0.0	0.0
rps19	1022	T	0	442	0	76	2	0	0	0	518	2	442	76	518	0.8532818532818532	0.0	0.0
rps19	1118	T	0	488	0	37	1	0	0	0	525	1	488	37	525	0.9295238095238095	0.0	0.0
rps19	1128	T	0	463	0	35	4	0	0	0	498	4	463	35	498	0.929718875502008	0.0	0.0
rps19	1137	T	0	465	0	39	4	0	0	0	504	4	465	39	504	0.9226190476190477	0.0	0.0
rps19	1145	T	0	465	0	43	4	0	0	0	508	4	465	43	508	0.9153543307086615	0.0	0.0
rps19	1148	T	0	454	0	53	4	0	0	0	507	4	454	53	507	0.8954635108481263	0.0	0.0
rps19	1151	T	0	438	0	63	4	0	0	0	501	4	438	63	501	0.874251497005988	0.0	0.0
rps19	1188	T	0	395	0	64	4	0	0	0	459	4	395	64	459	0.8605664488017429	0.0	0.0
rps19	1191	T	0	428	0	44	4	0	0	0	472	4	428	44	472	0.9067796610169492	0.0	0.0
rps19	1197	T	0	418	0	44	4	0	0	0	462	4	418	44	462	0.9047619047619048	0.0	0.0
rps19	1200	T	0	401	0	66	4	0	0	0	467	4	401	66	467	0.8586723768736617	0.0	0.0
rps19	1229	T	0	405	0	96	3	0	0	0	501	3	405	96	501	0.8083832335329342	0.0	0.0
rps19	1268	T	0	463	0	34	3	0	0	0	497	3	463	34	497	0.93158953722334	0.0	0.0
rps19	1308	C	0	25	0	537	0	0	3	0	562	3	537	25	562	0.9555160142348754	0.0	0.0
rps19	1346	T	0	596	0	30	3	0	0	0	626	3	596	30	626	0.952076677316294	0.0	0.0
rps19	1352	C	0	26	0	608	0	0	6	0	634	6	608	26	634	0.9589905362776026	0.0	0.0
rps19	1353	T	0	613	0	37	5	0	0	0	650	5	613	37	650	0.943076923076923	0.0	0.0
rps19	1362	C	0	31	0	629	0	0	4	0	660	4	629	31	660	0.953030303030303	0.0	0.0
rps19	1386	C	0	34	0	645	0	0	3	0	679	3	645	34	679	0.9499263622974963	0.0	0.0
rps19	1388	T	0	584	0	101	3	0	0	0	685	3	584	101	685	0.8525547445255475	0.0	0.0
rps19	1470	T	0	663	0	39	8	0	0	0	702	8	663	39	702	0.9444444444444444	0.0	0.0
rps19	1472	T	0	685	0	36	8	0	0	0	721	8	685	36	721	0.9500693481276006	0.0	0.0
rps19	1498	C	0	198	0	693	0	0	8	0	891	8	693	198	891	0.7777777777777778	0.0	0.0
rps19	1530	C	0	138	0	721	0	0	10	0	859	10	721	138	859	0.8393480791618161	0.0	0.0
rps19	1535	T	0	658	0	118	12	0	0	0	776	12	658	118	776	0.8479381443298969	0.0	0.0
rps19	1548	T	0	732	0	119	11	0	0	0	851	11	732	119	851	0.8601645123384254	0.0	0.0
rps19	1568	C	0	145	0	729	0	0	10	0	874	10	729	145	874	0.834096109839817	0.0	0.0
rps19	1592	C	0	104	0	736	0	0	8	0	840	8	736	104	840	0.8761904761904762	0.0	0.0
rps19	2169	C	0	140	0	291	0	0	11	0	431	11	291	140	431	0.6751740139211136	8.211653972447524e-266	3.1685734478723494e-264
rps19	2250	C	0	157	0	415	0	0	10	0	572	10	415	157	572	0.7255244755244755	0.0	0.0
rps19	2820	T	0	687	0	129	4	0	0	0	816	4	687	129	816	0.8419117647058824	0.0	0.0
rps19	3036	T	0	188	0	35	5	0	0	0	223	5	188	35	223	0.8430493273542601	3.8348803047056777e-205	1.4587026047526176e-203
rps19	3039	T	0	188	0	26	4	0	0	0	214	4	188	26	214	0.8785046728971962	1.3428585581544899e-212	5.1170261826818814e-211
rps19	3046	T	0	163	0	50	3	0	0	0	213	3	163	50	213	0.7652582159624414	1.1062013988738039e-164	4.159696195686065e-163
rps19	3060	T	0	87	0	84	3	0	0	0	171	3	87	84	171	0.5087719298245614	1.6259405941332867e-65	5.9342673270023195e-64
rps19	3063	T	0	77	0	82	4	0	0	0	159	4	77	82	159	0.48427672955974843	4.457620836670768e-56	1.6193248574385284e-54
rps19	3066	T	0	77	0	78	4	0	0	0	155	4	77	78	155	0.4967741935483871	3.7231451235389823e-57	1.3548102631227297e-55
rps19	3069	T	0	56	0	99	4	0	0	0	155	4	56	99	155	0.36129032258064514	6.868432056490205e-33	2.4730687887841078e-31
rps19	3072	T	0	47	0	119	4	0	0	0	166	4	47	119	166	0.28313253012048195	1.1394246722130204e-22	4.053218060195074e-21
rps19	3075	T	0	42	0	123	4	0	0	0	165	4	42	123	165	0.2545454545454545	1.5466297990109303e-18	5.4767197386564464e-17
rps19	3081	T	0	19	0	116	4	0	0	0	135	4	19	116	135	0.14074074074074075	4.617952380723966e-5	0.001594366680220678
rps19	3524	C	0	11	0	325	0	0	3	0	336	3	325	11	336	0.9672619047619048	0.0	0.0
rps19	3525	C	0	12	0	324	0	0	3	0	336	3	324	12	336	0.9642857142857143	0.0	0.0
rps19	3631	C	0	10	0	40	0	0	0	0	50	0	40	10	50	0.8	5.666373935445293e-43	2.0505998963424865e-41
sdh3	257	T	0	28977	0	1887	52	0	0	0	30864	52	28977	1887	30864	0.9388608087091758	0.0	0.0
sdh3	266	T	0	24632	0	6588	48	0	0	0	31220	48	24632	6588	31220	0.7889814221652787	0.0	0.0
sdh3	275	C	0	2379	0	28319	0	0	48	0	30698	48	28319	2379	30698	0.9225030946641475	0.0	0.0
sdh3	276	T	0	25459	0	5208	48	0	0	0	30667	48	25459	5208	30667	0.8301757589591418	0.0	0.0
sdh3	279	T	0	25171	0	6102	47	0	0	0	31273	47	25171	6102	31273	0.8048796086080645	0.0	0.0
sdh3	293	C	0	4089	0	27267	0	0	41	0	31356	41	27267	4089	31356	0.8695943360122464	0.0	0.0
sdh3	302	T	0	19978	0	11554	41	0	0	0	31532	41	19978	11554	31532	0.6335785868324242	0.0	0.0
sdh3	312	T	0	29227	0	2745	37	0	0	0	31972	37	29227	2745	31972	0.9141436256724634	0.0	0.0
sdh3	328	C	0	21744	0	2321	0	0	41	0	24065	41	2321	21744	24065	0.09644712237689591	2.3785116658696214e-191	9.01129665339622e-190
sdh3	329	T	0	22133	0	2004	41	0	0	0	24137	41	22133	2004	24137	0.9169739404234163	0.0	0.0
sdh3	338	C	0	2526	0	21635	0	0	40	0	24161	40	21635	2526	24161	0.8954513472124498	0.0	0.0
sdh3	380	C	0	241	0	20013	0	0	30	0	20254	30	20013	241	20254	0.9881011158289721	0.0	0.0
sdh3	406	C	0	15590	0	3961	0	0	26	0	19551	26	3961	15590	19551	0.20259833256610915	0.0	0.0
sdh3	419	C	0	1810	0	18349	0	0	20	0	20159	20	18349	1810	20159	0.9102138002877127	0.0	0.0
sdh3	425	T	0	19249	0	1249	19	0	0	0	20498	19	19249	1249	20498	0.9390672260708361	0.0	0.0
sdh3	468	C	0	1527	0	16775	0	0	4	0	18302	4	16775	1527	18302	0.9165664954649765	0.0	0.0
sdh3	506	T	0	14566	0	586	2	0	0	0	15152	2	14566	586	15152	0.9613252375923971	0.0	0.0
sdh3	524	T	0	12115	0	1406	2	0	0	0	13521	2	12115	1406	13521	0.8960136084609126	0.0	0.0
sdh3	543	C	0	1258	0	12578	0	0	3	0	13836	3	12578	1258	13836	0.9090777681410812	0.0	0.0
sdh3	548	C	0	2099	0	11060	0	0	2	0	13159	2	11060	2099	13159	0.8404893988904932	0.0	0.0
sdh3	566	T	0	11179	0	1700	2	0	0	0	12879	2	11179	1700	12879	0.8680021740818387	0.0	0.0
sdh3	579	T	0	11468	0	838	2	0	0	0	12306	2	11468	838	12306	0.9319031366812937	0.0	0.0
sdh3	599	C	0	330	0	10475	0	0	2	0	10805	2	10475	330	10805	0.9694585839888941	0.0	0.0
sdh3	626	C	0	328	0	8194	0	0	1	0	8522	1	8194	328	8522	0.9615113823046233	0.0	0.0
sdh3	627	C	0	276	0	8211	0	0	1	0	8487	1	8211	276	8487	0.967479674796748	0.0	0.0
sdh3	674	T	0	1399	0	276	2	0	0	0	1675	2	1399	276	1675	0.8352238805970149	0.0	0.0
sdh3	675	T	0	116	0	243	2	0	0	0	359	2	116	243	359	0.3231197771587744	2.95168519211573e-60	1.0749984738601665e-58
sdh4	80	C	0	10752	0	3660	0	0	185	0	14412	185	3660	10752	14412	0.253955037468776	0.0	0.0
sdh4	89	C	0	4406	0	11992	0	0	207	0	16398	207	11992	4406	16398	0.7313086961824613	0.0	0.0
sdh4	125	C	0	4445	0	18042	0	0	438	0	22487	438	18042	4445	22487	0.8023302352470316	0.0	0.0
sdh4	127	T	0	18211	0	4582	440	0	0	0	22793	440	18211	4582	22793	0.7989733690168034	0.0	0.0
sdh4	145	C	0	679	0	23509	0	0	513	0	24188	513	23509	679	24188	0.9719282288738217	0.0	0.0
sdh4	154	C	0	18567	0	7790	0	0	535	0	26357	535	7790	18567	26357	0.2955571574913685	0.0	0.0
sdh4	191	C	0	911	0	28663	0	0	607	0	29574	607	28663	911	29574	0.969195915331034	0.0	0.0
sdh4	214	T	0	28075	0	1973	783	0	0	0	30048	783	28075	1973	30048	0.9343383919062833	0.0	0.0
sdh4	242	C	0	1549	0	27864	0	0	781	0	29413	781	27864	1549	29413	0.9473362118791011	0.0	0.0
sdh4	250	C	0	2815	0	24778	0	0	772	0	27593	772	24778	2815	27593	0.8979813720871236	0.0	0.0
sdh4	271	T	0	19291	0	2470	712	0	0	0	21761	712	19291	2470	21761	0.8864941868480308	0.0	0.0
sdh4	277	C	0	2457	0	18848	0	0	700	0	21305	700	18848	2457	21305	0.8846749589298287	0.0	0.0
sdh4	284	C	0	4358	0	15818	0	0	701	0	20176	701	15818	4358	20176	0.7840007930214116	0.0	0.0
sdh4	293	C	0	4079	0	15762	0	0	630	0	19841	630	15762	4079	19841	0.7944156040522151	0.0	0.0
sdh4	338	C	0	2946	0	10107	0	0	469	0	13053	469	10107	2946	13053	0.7743047575270053	0.0	0.0
sdh4	339	C	0	1054	0	11991	0	0	460	0	13045	460	11991	1054	13045	0.9192027596780376	0.0	0.0
sdh4	349	C	0	573	0	10588	0	0	409	0	11161	409	10588	573	11161	0.9486605142908342	0.0	0.0
sdh4	356	T	0	327	0	3817	352	0	0	0	4144	352	327	3817	4144	0.0789092664092664	1.5873108043505584e-15	5.613808880665339e-14
sdh4	357	T	0	271	0	3250	349	0	0	0	3521	349	271	3250	3521	0.07696677080374893	5.075896670503378e-12	1.7812028713873392e-10
mat-Lepto	4	T	0	239	0	34	0	0	0	0	273	0	239	34	273	0.8754578754578755	5.341631580808127e-269	2.0639283431567427e-267
mat-Lepto	13	T	0	459	0	178	0	0	0	0	637	0	459	178	637	0.7205651491365777	0.0	0.0
mat-Lepto	22	C	0	109	0	935	0	0	5	0	1044	5	935	109	1044	0.8955938697318008	0.0	0.0
mat-Lepto	23	T	0	849	0	225	5	0	0	0	1074	5	849	225	1074	0.7905027932960894	0.0	0.0
mat-Lepto	26	T	0	1190	0	346	6	0	0	0	1536	6	1190	346	1536	0.7747395833333334	0.0	0.0
mat-Lepto	40	C	0	316	0	1734	0	0	6	0	2050	6	1734	316	2050	0.8458536585365853	0.0	0.0
mat-Lepto	49	T	0	1844	0	1122	6	0	0	0	2966	6	1844	1122	2966	0.6217127444369521	0.0	0.0
mat-Lepto	59	T	0	3439	0	368	6	0	0	0	3807	6	3439	368	3807	0.9033359600735488	0.0	0.0
mat-Lepto	75	C	0	4763	0	468	0	0	9	0	5231	9	468	4763	5231	0.0894666411775951	1.3450218133660107e-32	4.838857257388148e-31
mat-Lepto	76	T	0	4935	0	437	9	0	0	0	5372	9	4935	437	5372	0.9186522710349962	0.0	0.0
mat-Lepto	85	C	0	565	0	5413	0	0	9	0	5978	9	5413	565	5978	0.9054867848778856	0.0	0.0
mat-Lepto	127	C	0	106	0	8851	0	0	9	0	8957	9	8851	106	8957	0.9881656804733728	0.0	0.0
mat-Lepto	153	C	0	8643	0	2078	0	0	8	0	10721	8	2078	8643	10721	0.19382520287286634	0.0	0.0
mat-Lepto	166	C	0	1051	0	10174	0	0	8	0	11225	8	10174	1051	11225	0.906369710467706	0.0	0.0
mat-Lepto	172	T	0	10988	0	689	10	0	0	0	11677	10	10988	689	11677	0.9409951186092318	0.0	0.0
mat-Lepto	215	C	0	1030	0	11547	0	0	5	0	12577	5	11547	1030	12577	0.9181044764252206	0.0	0.0
mat-Lepto	253	T	0	12322	0	474	2	0	0	0	12796	2	12322	474	12796	0.9629571741169115	0.0	0.0
mat-Lepto	271	T	0	11025	0	1162	3	0	0	0	12187	3	11025	1162	12187	0.9046524985640436	0.0	0.0
mat-Lepto	290	C	0	1070	0	11490	0	0	3	0	12560	3	11490	1070	12560	0.9148089171974523	0.0	0.0
mat-Lepto	295	C	0	1761	0	10283	0	0	3	0	12044	3	10283	1761	12044	0.853786117568914	0.0	0.0
mat-Lepto	313	T	0	10386	0	1497	3	0	0	0	11883	3	10386	1497	11883	0.8740217116889675	0.0	0.0
mat-Lepto	326	T	0	10639	0	767	3	0	0	0	11406	3	10639	767	11406	0.9327546905137647	0.0	0.0
mat-Lepto	346	C	0	285	0	9939	0	0	3	0	10224	3	9939	285	10224	0.9721244131455399	0.0	0.0
mat-Lepto	373	C	0	304	0	7901	0	0	2	0	8205	2	7901	304	8205	0.9629494210847045	0.0	0.0
mat-Lepto	374	C	0	250	0	7941	0	0	2	0	8191	2	7941	250	8191	0.9694786961298987	0.0	0.0
mat-Lepto	421	T	0	1353	0	256	3	0	0	0	1609	3	1353	256	1609	0.8408949658172779	0.0	0.0
mat-Lepto	422	T	0	125	0	230	3	0	0	0	355	3	125	230	355	0.352112676056338	9.073167628361022e-70	3.3185469109062616e-68
mat-Lepto	568	C	0	102	0	19	0	0	4	0	121	4	19	102	121	0.15702479338842976	9.57352506158389e-6	0.0003317336852885461
mat-Lepto	964	C	0	283	0	68	0	0	0	0	351	0	68	283	351	0.19373219373219372	9.960165652389849e-22	3.537201425361161e-20
mat-Lepto	1016	C	0	96	0	24	0	0	0	0	120	0	24	96	120	0.2	5.886127384291543e-9	2.052903808656598e-7
mat-Lepto	1023	C	0	108	0	52	0	0	0	0	160	0	52	108	160	0.325	4.309210845245748e-28	1.5450902856050113e-26
mat-Lepto	1122	C	0	27	0	160	0	0	1	0	187	1	160	27	187	0.8556149732620321	4.8268564765052286e-177	1.8206604937788863e-175
mat-Lepto	1129	C	0	58	0	124	0	0	1	0	182	1	124	58	182	0.6813186813186813	4.599010243077404e-115	1.7106040575283082e-113
mat-Lepto	1136	T	0	51	0	139	1	0	0	0	190	1	51	139	190	0.26842105263157895	2.6845182387090276e-23	9.557443041704079e-22
mat-Lepto	1226	T	0	131	0	98	3	0	0	0	229	3	131	98	229	0.5720524017467249	1.0592625880863707e-106	3.9245885149164575e-105
mat-Lepto	1412	T	0	357	0	356	3	0	0	0	713	3	357	356	713	0.5007012622720898	5.42699928133393e-260	2.092192523483364e-258
mat-Lepto	1472	T	0	315	0	365	1	0	0	0	680	1	315	365	680	0.4632352941176471	2.8836187965036765e-216	1.0997955109711994e-214
mat-Lepto	1487	T	0	336	0	376	1	0	0	0	712	1	336	376	712	0.47191011235955055	6.693169508919235e-234	2.5618652340732754e-232
mat-Lepto	1508	T	0	425	0	228	1	0	0	0	653	1	425	228	653	0.6508422664624809	0.0	0.0
mat-Lepto	1611	C	0	276	0	325	0	0	2	0	601	2	325	276	601	0.540765391014975	3.9910202686921335e-251	1.5344549998483456e-249
mat-Lepto	1628	T	0	366	0	196	2	0	0	0	562	2	366	196	562	0.6512455516014235	0.0	0.0
mat-Lepto	1640	T	0	243	0	291	2	0	0	0	534	2	243	291	534	0.4550561797752809	5.584595892460173e-165	2.1009220303168602e-163
mat-Lepto	1650	C	0	73	0	460	0	0	2	0	533	2	460	73	533	0.8630393996247655	0.0	0.0
mat-Lepto	1704	C	0	221	0	360	0	0	0	0	581	0	360	221	581	0.6196213425129088	7.236478681840174e-308	2.8228201101375908e-306
mat-Lepto	1722	T	0	371	0	183	1	0	0	0	554	1	371	183	554	0.6696750902527075	0.0	0.0
mat-Lepto	1733	T	0	313	0	192	2	0	0	0	505	2	313	192	505	0.6198019801980198	5.502739191390976e-268	2.12521893452625e-266
mat-Lepto	1940	T	0	541	0	266	6	0	0	0	807	6	541	266	807	0.6703841387856257	0.0	0.0
mat-Lepto	2090	T	0	442	0	286	11	0	0	0	728	11	442	286	728	0.6071428571428571	0.0	0.0
mat-Lepto	2229	C	0	228	0	424	0	0	11	0	652	11	424	228	652	0.6503067484662577	0.0	0.0
mat-Lepto	2235	C	0	293	0	365	0	0	11	0	658	11	365	293	658	0.5547112462006079	2.982379088604689e-287	1.155999296983247e-285
mat-Lepto	2249	T	0	372	0	250	7	0	0	0	622	7	372	250	622	0.5980707395498392	9.71313246345297e-310	3.792373647597965e-308
mat-Lepto	2273	T	0	92	0	556	7	0	0	0	648	7	92	556	648	0.1419753086419753	5.069364491977253e-19	1.797325862925749e-17
mat-Lepto	2426	T	0	285	0	169	4	0	0	0	454	4	285	169	454	0.6277533039647577	1.5958328464430004e-246	6.130102997352581e-245
mat-Lepto	2611	C	0	495	0	80	0	0	1	0	575	1	80	495	575	0.1391304347826087	2.962460041764818e-16	1.0485932871270317e-14
mat-Lepto	3714	C	0	105	0	470	0	0	7	0	575	7	470	105	575	0.8173913043478261	0.0	0.0
mat-Lepto	3721	C	0	300	0	286	0	0	8	0	586	8	286	300	586	0.4880546075085324	1.2472086068904818e-204	4.7377880455982136e-203
mat-Lepto	3767	T	0	395	0	222	6	0	0	0	617	6	395	222	617	0.640194489465154	0.0	0.0
mat-Lepto	3821	T	0	456	0	148	12	0	0	0	604	12	456	148	604	0.7549668874172185	0.0	0.0
mat-Lepto	3990	C	0	488	0	92	0	0	3	0	580	3	92	488	580	0.15862068965517243	2.5173303347378204e-22	8.947338117528285e-21
mat-Lepto	4031	T	0	438	0	187	2	0	0	0	625	2	438	187	625	0.7008	0.0	0.0
mat-Lepto	4094	T	0	570	0	95	2	0	0	0	665	2	570	95	665	0.8571428571428571	0.0	0.0
mat-Lepto	4225	C	0	84	0	461	0	0	9	0	545	9	461	84	545	0.8458715596330275	0.0	0.0
mat-Lepto	4257	C	0	101	0	419	0	0	9	0	520	9	419	101	520	0.8057692307692308	0.0	0.0
mat-Lepto	4262	T	0	323	0	191	9	0	0	0	514	9	323	191	514	0.6284046692607004	2.357774956852332e-279	9.126571660513888e-278
mat-Lepto	4271	T	0	426	0	114	9	0	0	0	540	9	426	114	540	0.7888888888888889	0.0	0.0
mat-Lepto	4311	C	0	72	0	311	0	0	10	0	383	10	311	72	383	0.8120104438642297	0.0	0.0
mat-Lepto	4323	C	0	103	0	296	0	0	9	0	399	9	296	103	399	0.7418546365914787	1.7029615118736645e-290	6.618823128967716e-289
mat-Lepto	4338	C	0	86	0	330	0	0	8	0	416	8	330	86	416	0.7932692307692307	0.0	0.0
mat-Lepto	4341	C	0	93	0	320	0	0	7	0	413	7	320	93	413	0.774818401937046	0.0	0.0
mat-Lepto	4364	T	0	350	0	160	7	0	0	0	510	7	350	160	510	0.6862745098039216	3.0e-323	1.16e-321
mat-Lepto	4397	T	0	308	0	174	7	0	0	0	482	7	308	174	482	0.6390041493775933	7.885815801805381e-270	3.0483395322708e-268
mat-Lepto	4424	T	0	320	0	152	7	0	0	0	472	7	320	152	472	0.6779661016949152	5.033406814046986e-293	1.9571997803775887e-291
mat-Lepto	4433	T	0	368	0	130	7	0	0	0	498	7	368	130	498	0.7389558232931727	0.0	0.0
mat-Lepto	4439	T	0	325	0	162	7	0	0	0	487	7	325	162	487	0.6673511293634496	4.729081530286018e-294	1.839700808122125e-292
mat-Lepto	4496	T	0	338	0	183	8	0	0	0	521	8	338	183	521	0.6487523992322457	2.637941994005425e-299	1.0271419161106253e-297
mat-Lepto	4508	T	0	258	0	222	8	0	0	0	480	8	258	222	480	0.5375	7.56497089781034e-199	2.8686249033800475e-197
mat-Lepto	4551	C	0	75	0	317	0	0	7	0	392	7	317	75	392	0.8086734693877551	0.0	0.0
mat-Lepto	4610	T	0	242	0	126	6	0	0	0	368	6	242	126	368	0.657608695652174	5.004038465694636e-217	1.9102130430145866e-215
mat-Lepto	4638	C	0	57	0	300	0	0	6	0	357	6	300	57	357	0.8403361344537815	0.0	0.0
mat-Lepto	4654	C	0	196	0	180	0	0	9	0	376	9	180	196	376	0.4787234042553192	1.3419457007149804e-127	5.004417105066149e-126
mat-Lepto	4714	C	0	287	0	41	0	0	4	0	328	4	41	287	328	0.125	8.863662341566768e-8	3.0838413680291398e-6
mat-Lepto	4767	C	0	41	0	223	0	0	3	0	264	3	223	41	264	0.8446969696969697	1.9895530458714614e-243	7.632235683093733e-242
mat-Lepto	4781	T	0	217	0	37	3	0	0	0	254	3	217	37	254	0.8543307086614174	3.15276738793057e-239	1.2083679590724227e-237
mat-Lepto	4788	C	0	30	0	235	0	0	3	0	265	3	235	30	265	0.8867924528301887	1.33462676735551e-267	5.152152736757477e-266
mat-Lepto	4937	C	0	87	0	227	0	0	5	0	314	5	227	87	314	0.7229299363057324	8.278651909485574e-219	3.1616548280369458e-217
mat-Lepto	4952	T	0	237	0	52	5	0	0	0	289	5	237	52	289	0.8200692041522492	2.752609092103469e-252	1.0587899743628721e-250
mat-Lepto	4955	C	0	33	0	254	0	0	6	0	287	6	254	33	287	0.8850174216027874	1.4017546352141727e-288	5.440726977830603e-287
mat-Lepto	5009	T	0	268	0	93	3	0	0	0	361	3	268	93	361	0.7423822714681441	2.4672960110396658e-263	9.516093979876094e-262
mat-Lepto	5059	C	0	175	0	273	0	0	8	0	448	8	273	175	448	0.609375	4.903049754561902e-231	1.8741688800663115e-229
mat-Lepto	5099	T	0	401	0	93	13	0	0	0	494	13	401	93	494	0.8117408906882592	0.0	0.0
mat-Lepto	5123	T	0	333	0	191	10	0	0	0	524	10	333	191	524	0.6354961832061069	2.2510644238638663e-290	8.745140161728484e-289
mat-Lepto	5171	T	0	432	0	66	21	0	0	0	498	21	432	66	498	0.8674698795180723	0.0	0.0
mat-Lepto	5180	C	0	78	0	443	0	0	21	0	521	21	443	78	521	0.8502879078694817	0.0	0.0
mat-Lepto	5202	C	0	176	0	358	0	0	15	0	534	15	358	176	534	0.6704119850187266	0.0	0.0
mat-Lepto	5240	T	0	431	0	116	13	0	0	0	547	13	431	116	547	0.7879341864716636	0.0	0.0
mat-Lepto	5244	C	0	85	0	470	0	0	13	0	555	13	470	85	555	0.8468468468468469	0.0	0.0
mat-Lepto	5264	C	0	172	0	435	0	0	13	0	607	13	435	172	607	0.7166392092257001	0.0	0.0
mat-Lepto	5280	C	0	164	0	449	0	0	13	0	613	13	449	164	613	0.732463295269168	0.0	0.0
mat-Lepto	5331	C	0	142	0	542	0	0	8	0	684	8	542	142	684	0.7923976608187134	0.0	0.0
mat-Lepto	5346	C	0	133	0	530	0	0	11	0	663	11	530	133	663	0.799396681749623	0.0	0.0
mat-Lepto	5408	T	0	588	0	51	8	0	0	0	639	8	588	51	639	0.92018779342723	0.0	0.0
mat-Lepto	5444	T	0	473	0	129	9	0	0	0	602	9	473	129	602	0.7857142857142857	0.0	0.0
mat-Lepto	5469	C	0	143	0	477	0	0	8	0	620	8	477	143	620	0.7693548387096775	0.0	0.0
mat-Lepto	5487	C	0	136	0	457	0	0	8	0	593	8	457	136	593	0.7706576728499157	0.0	0.0
mat-Lepto	5492	T	0	494	0	95	8	0	0	0	589	8	494	95	589	0.8387096774193549	0.0	0.0
mat-Lepto	5546	T	0	471	0	204	1	0	0	0	675	1	471	204	675	0.6977777777777778	0.0	0.0
mat-Lepto	5555	T	0	387	0	334	2	0	0	0	721	2	387	334	721	0.536754507628294	5.637236651492635e-297	2.1939868809579724e-295
mat-Lepto	5594	C	0	396	0	431	0	0	2	0	827	2	431	396	827	0.5211608222490931	3.5e-323	1.354e-321
mat-Lepto	5600	C	0	434	0	406	0	0	2	0	840	2	406	434	840	0.48333333333333334	1.7431880849664652e-287	6.7598275995961795e-286
mat-Lepto	5634	C	0	215	0	766	0	0	5	0	981	5	766	215	981	0.780835881753313	0.0	0.0
mat-Lepto	5648	T	0	815	0	208	5	0	0	0	1023	5	815	208	1023	0.7966764418377321	0.0	0.0
mat-Lepto	5651	C	0	251	0	792	0	0	5	0	1043	5	792	251	1043	0.7593480345158198	0.0	0.0
mat-Lepto	5657	C	0	43	0	947	0	0	5	0	990	5	947	43	990	0.9565656565656566	0.0	0.0
mat-Lepto	5667	T	0	856	0	256	5	0	0	0	1112	5	856	256	1112	0.7697841726618705	0.0	0.0
mat-Lepto	5670	C	0	212	0	888	0	0	5	0	1100	5	888	212	1100	0.8072727272727273	0.0	0.0
mat-Lepto	5694	T	0	567	0	647	6	0	0	0	1214	6	567	647	1214	0.4670510708401977	0.0	0.0
mat-Lepto	5696	T	0	991	0	227	6	0	0	0	1218	6	991	227	1218	0.8136288998357963	0.0	0.0
mat-Lepto	5703	C	0	264	0	966	0	0	5	0	1230	5	966	264	1230	0.7853658536585366	0.0	0.0
mat-Lepto	5704	C	0	1081	0	159	0	0	5	0	1240	5	159	1081	1240	0.1282258064516129	1.0722886739160915e-26	3.8367142969794194e-25
mat-Lepto	5736	C	0	163	0	1130	0	0	4	0	1293	4	1130	163	1293	0.8739365815931941	0.0	0.0
mat-Lepto	5739	T	0	258	0	1059	4	0	0	0	1317	4	258	1059	1317	0.1958997722095672	1.669946861537169e-78	6.1288409826573955e-77
mat-Lepto	5792	T	0	864	0	383	1	0	0	0	1247	1	864	383	1247	0.6928628708901363	0.0	0.0
mat-Lepto	5817	C	0	120	0	1069	0	0	1	0	1189	1	1069	120	1189	0.8990748528174937	0.0	0.0
mat-Lepto	5843	T	0	822	0	225	2	0	0	0	1047	2	822	225	1047	0.7851002865329513	0.0	0.0
mat-Lepto	5898	T	0	720	0	234	4	0	0	0	954	4	720	234	954	0.7547169811320755	0.0	0.0
mat-Lepto	5900	T	0	770	0	185	4	0	0	0	955	4	770	185	955	0.806282722513089	0.0	0.0
mat-Lepto	5918	C	0	897	0	79	0	0	4	0	976	4	79	897	976	0.08094262295081968	2.624039036908659e-5	0.0009074236448191846
mat-Lepto	5919	C	0	51	0	916	0	0	4	0	967	4	916	51	967	0.9472595656670114	0.0	0.0
mat-Lepto	5922	C	0	230	0	747	0	0	4	0	977	4	747	230	977	0.7645854657113613	0.0	0.0
mat-Lepto	5930	T	0	761	0	201	4	0	0	0	962	4	761	201	962	0.7910602910602911	0.0	0.0
mat-Lepto	5957	C	0	137	0	807	0	0	3	0	944	3	807	137	944	0.8548728813559322	0.0	0.0
mat-Lepto	6007	C	0	870	0	134	0	0	5	0	1004	5	134	870	1004	0.13346613545816732	2.2673966903269094e-24	8.085852012322406e-23
mat-Lepto	6114	C	0	719	0	326	0	0	5	0	1045	5	326	719	1045	0.3119617224880383	1.0133403852606355e-160	3.8054931494373414e-159
mat-Lepto	6188	T	0	138	0	831	7	0	0	0	969	7	138	831	969	0.14241486068111456	8.502674296188592e-28	3.046127536663413e-26
mat-Lepto	6191	C	0	807	0	253	0	0	7	0	1060	7	253	807	1060	0.23867924528301887	2.443064809658662e-96	9.020376808857423e-95
mat-Lepto	6198	C	0	750	0	366	0	0	7	0	1116	7	366	750	1116	0.3279569892473118	1.712744534278357e-188	6.477487864775431e-187
mat-Lepto	6201	T	0	414	0	690	7	0	0	0	1104	7	414	690	1104	0.375	4.273965183756767e-239	1.6373589303302268e-237
mat-Lepto	6210	T	0	487	0	640	8	0	0	0	1127	8	487	640	1127	0.4321206743566992	1.94508068e-315	7.6047325504e-314
mat-Lepto	6216	T	0	889	0	284	3	0	0	0	1173	3	889	284	1173	0.7578857630008525	0.0	0.0
mat-Lepto	6224	T	0	641	0	604	4	0	0	0	1245	4	641	604	1245	0.5148594377510041	0.0	0.0
mat-Lepto	6231	C	0	368	0	1059	0	0	4	0	1427	4	1059	368	1427	0.7421163279607569	0.0	0.0
mat-Lepto	6233	T	0	1192	0	249	4	0	0	0	1441	4	1192	249	1441	0.8272033310201249	0.0	0.0
mat-Lepto	6239	C	0	363	0	1183	0	0	6	0	1546	6	1183	363	1546	0.7652005174644243	0.0	0.0
mat-Lepto	6240	T	0	442	0	1132	6	0	0	0	1574	6	442	1132	1574	0.28081321473951715	9.88300369759562e-197	3.74596027268362e-195
mat-Lepto	6254	T	0	1569	0	319	4	0	0	0	1888	4	1569	319	1888	0.8310381355932204	0.0	0.0
mat-Lepto	6267	T	0	1783	0	233	3	0	0	0	2016	3	1783	233	2016	0.8844246031746031	0.0	0.0
mat-Lepto	6305	C	0	195	0	2009	0	0	9	0	2204	9	2009	195	2204	0.911524500907441	0.0	0.0
mat-Lepto	6313	C	0	1864	0	303	0	0	9	0	2167	9	303	1864	2167	0.13982464236271344	4.408716208492749e-57	1.6036002885292041e-55
